1861804.42823747 0
1861840.08711889 0
1861874.67863858 0
1861909.19555236 0
1861943.7642462 0
1861978.33782246 0
1862012.88318896 0
1862047.44187472 0
1862082.03347749 0
1862116.6394218 0
1862151.30314645 0
1862186.05131418 0
1862220.91844716 0
1862255.98328088 0
1862291.26707033 0
1862326.80273323 0
1862362.67387732 0
1862398.9422235 0
1862435.81986103 0
1862473.1910258 0
1862510.94296556 0
1862549.14999889 0
1862587.86408865 0
1862627.09460225 0
1862666.87124687 0
1862707.25866426 0
1862748.31630276 0
1862790.02766674 0
1862832.39057292 0
1862875.23091275 0
1862918.28485793 0
1862961.53163827 0
1863004.96812223 0
1863048.61120768 0
1863092.44434773 0
1863136.45539362 0
1863180.64280842 0
1863224.98323015 0
1863269.48813294 0
1863314.00381077 0
1863358.21947298 0
1863402.30663393 0
1863446.28281054 0
1863490.14163165 0
1863533.93738812 0
1863577.70935227 0
1863621.46748707 0
1863665.22280406 0
1863708.95666053 0
1863752.66716943 0
1863796.32388954 0
1863839.88491993 0
1863883.38710633 0
1863926.84907356 0
1863970.26780645 0
1864013.65307546 0
1864056.99856109 0
1864100.29571082 0
1864143.57428889 0
1864186.84000634 0
1864230.11139853 0
1864273.42173916 0
1864316.76219512 0
1864360.13421364 0
1864403.55061783 0
1864447.00633492 0
1864490.52187556 0
1864534.09414027 0
1864577.67176431 0
1864621.24724243 0
1864664.80222524 0
1864708.32577727 0
1864751.84788564 0
1864795.37253082 0
1864838.90313189 0
1864882.45182741 0
1864926.00717828 0
1864969.57584607 0
1865013.16263894 1
1865056.77302902 1
1865100.42922275 1
1865144.11994899 1
1865187.8117563 1
1865231.5072644 1
1865275.19663735 1
1865318.87475224 1
1865362.55863458 1
1865406.2433461 1
1865449.92642244 1
1865493.61145101 1
1865537.28398731 1
1865580.95034887 1
1865624.61237274 1
1865668.25490554 1
1865711.88524942 1
1865755.5052019 1
1865799.10853046 1
1865842.71336087 1
1865886.31688493 1
1865929.92646974 1
1865973.56821887 1
1866017.23875167 1
1866060.93259607 1
1866104.64624746 1
1866148.35800977 1
1866192.07030011 1
1866235.78324366 1
1866279.48244248 1
1866323.17742254 1
1866366.86321794 1
1866410.53642999 1
1866454.21638386 1
1866497.89154879 1
1866541.55746096 1
1866585.21636053 1
1866628.85385411 1
1866672.48294388 1
1866716.10959979 1
1866759.72403647 1
1866803.33905017 1
1866846.95530331 1
1866890.56668592 1
1866934.1905951 1
1866977.81986675 1
1867021.45121813 1
1867065.09868214 1
1867108.74962432 1
1867152.40070933 1
1867196.05412539 1
1867239.6943282 1
1867283.33078704 1
1867326.97341432 1
1867370.61375935 1
1867414.26657907 1
1867457.92663737 1
1867501.58159181 1
1867545.24705602 1
1867588.91267096 1
1867632.57330328 1
1867676.23955683 1
1867719.89569664 1
1867763.54363205 1
1867807.19190569 1
1867850.83185514 1
1867894.47724436 1
1867938.13603124 1
1867981.80024291 1
1868025.48071019 1
1868069.1663622 1
1868112.85263714 1
1868156.55134722 1
1868200.2456342 1
1868243.93575651 1
1868287.62931331 1
1868331.30942261 1
1868374.98755664 1
1868418.6687525 1
1868462.33733205 1
1868506.00952033 1
1868549.68271511 1
1868593.34229173 1
1868637.0105671 1
1868680.67976209 1
1868724.34112029 1
1868768.0057703 1
1868811.6573725 1
1868855.29651489 1
1868898.93320669 1
1868942.55788888 1
1868986.17497758 1
1869029.79113205 1
1869073.39262988 1
1869116.98775925 1
1869160.57010134 1
1869204.1337084 1
1869247.70243385 1
1869291.27694199 1
1869334.86432873 1
1869378.47817537 1
1869422.09607139 1
1869465.71192282 1
1869509.3247901 1
1869552.92640634 1
1869596.5359173 1
1869640.15959146 1
1869683.79391629 1
1869727.4572534 1
1869771.1383641 1
1869814.82604043 1
1869858.52475442 1
1869902.21764452 1
1869945.90738271 1
1869989.60219779 1
1870033.28784432 1
1870076.96938128 1
1870120.64833014 1
1870164.31763162 1
1870207.99047588 1
1870251.66328596 1
1870295.32012593 1
1870338.96948358 1
1870382.61058029 1
1870426.23953074 1
1870469.86630429 1
1870513.48610455 1
1870557.10885007 1
1870600.7460885 1
1870644.38440919 1
1870688.02763579 1
1870731.67129231 1
1870775.30477336 1
1870818.94756012 1
1870862.59718353 1
1870906.25117941 1
1870949.92325486 1
1870993.60090568 1
1871037.28673761 1
1871080.97831482 1
1871124.65382976 1
1871168.312646 1
1871211.95965652 1
1871255.58983111 1
1871299.22417136 1
1871342.86662989 1
1871386.50534831 1
1871430.14955671 1
1871473.79358876 1
1871517.43698461 1
1871561.09640115 1
1871604.76299556 1
1871648.4472417 1
1871692.15558952 1
1871735.87234331 1
1871779.60495309 1
1871823.35058402 1
1871867.09460218 1
1871910.84372789 1
1871954.5934316 1
1871998.32278026 1
1872042.03959593 1
1872085.73321194 1
1872129.40236729 1
1872173.05978254 1
1872216.69713696 1
1872260.32586404 1
1872303.95582601 1
1872347.57406788 1
1872391.19466281 1
1872434.81768833 1
1872478.43577705 1
1872522.06483461 1
1872565.70437827 1
1872609.35896289 1
1872653.03685713 1
1872696.71718344 1
1872740.39931705 1
1872784.09329056 1
1872827.78977849 1
1872871.4965214 1
1872915.21470741 1
1872958.93180794 1
1873002.65005021 1
1873046.35348537 1
1873090.0344322 1
1873133.71540952 1
1873177.39278871 1
1873221.06931667 1
1873264.75696593 1
1873308.43690752 1
1873352.10088264 1
1873395.75464608 1
1873439.39395257 1
1873483.03389622 1
1873526.68195149 1
1873570.32331188 1
1873613.96493749 1
1873657.60440183 1
1873701.24449579 1
1873744.90077749 1
1873788.56484123 1
1873832.2318663 1
1873875.9074417 1
1873919.57904503 1
1873963.25367938 1
1874006.94031511 1
1874050.63646952 1
1874094.34846584 1
1874138.06138967 1
1874181.75276586 1
1874225.42945437 1
1874269.07848043 1
1874312.70305903 1
1874356.329521 1
1874399.94557105 1
1874443.55612172 1
1874487.16978636 1
1874530.77141627 1
1874574.37153393 1
1874617.96691516 1
1874661.54505042 1
1874705.12370118 1
1874748.69936193 1
1874792.26604542 1
1874835.84044923 1
1874879.41065255 1
1874922.97809984 1
1874966.55827583 1
1875010.1515496 1
1875053.7672939 1
1875097.40834167 1
1875141.05386192 1
1875184.71299237 1
1875228.38799579 1
1875272.07530176 1
1875315.78422046 1
1875359.49646652 1
1875403.20018783 1
1875446.90401412 1
1875490.60213762 1
1875534.30315981 1
1875578.01757729 1
1875621.73684625 1
1875665.46367688 1
1875709.18983461 1
1875752.90164042 1
1875796.61984337 1
1875840.33859973 1
1875884.04396632 1
1875927.74937753 1
1875971.44632758 1
1876015.12938231 1
1876058.81250453 1
1876102.48502206 1
1876146.15351124 1
1876189.82489148 1
1876233.48837106 1
1876277.15437259 1
1876320.814783 1
1876364.45323695 1
1876408.08637193 1
1876451.71476696 1
1876495.33735223 1
1876538.97497131 1
1876582.61451162 1
1876626.25612295 1
1876669.90316926 1
1876713.538162 1
1876757.16314278 1
1876800.78374897 1
1876844.392779 1
1876888.00670692 1
1876931.62687218 1
1876975.24473136 1
1877018.88000727 1
1877062.52288725 1
1877106.16690784 1
1877149.82457892 1
1877193.48507687 1
1877237.14915004 1
1877280.8239039 1
1877324.50012714 1
1877368.1833983 1
1877411.87363219 1
1877455.55952015 1
1877499.25075215 1
1877542.9436932 1
1877586.63198674 1
1877630.33009095 1
1877674.02555318 1
1877717.72049366 1
1877761.43025435 1
1877805.14136419 1
1877848.86093854 1
1877892.59638615 1
1877936.33425717 1
1877980.07973955 1
1878023.82428051 1
1878067.55068147 1
1878111.27309911 1
1878154.99132859 1
1878198.70033463 1
1878242.4170082 1
1878286.12880948 1
1878329.8300427 1
1878373.52546548 1
1878417.19921901 1
1878460.85449233 1
1878504.49795298 1
1878548.12652175 1
1878591.75828755 1
1878635.39094785 1
1878679.01218482 1
1878722.63612576 1
1878766.24995564 1
1878809.84932379 1
1878853.44847885 1
1878897.03779223 1
1878940.62937017 1
1878984.2401613 1
1879027.8616938 1
1879071.50145457 1
1879115.15934453 1
1879158.8184243 1
1879202.4893316 1
1879246.16609101 1
1879289.83916734 1
1879333.52189385 1
1879377.20678839 1
1879420.89283197 1
1879464.58690627 1
1879508.27807433 1
1879551.97289789 1
1879595.67662559 1
1879639.37660123 1
1879683.08985576 1
1879726.8128961 1
1879770.53137093 1
1879814.26318298 1
1879857.99787139 1
1879901.72606937 1
1879945.46081482 1
1879989.1913528 1
1880032.91491648 1
1880076.6339323 1
1880120.32964581 1
1880164.00577008 1
1880207.66654021 1
1880251.30197676 1
1880294.92936268 1
1880338.53944353 1
1880382.12543701 1
1880425.70461207 1
1880469.26655907 1
1880512.81072028 1
1880556.3532371 1
1880599.88750841 1
1880643.42453217 1
1880686.97499101 1
1880730.53171374 1
1880774.11103661 1
1880817.71409411 1
1880861.3279728 1
1880904.96953357 1
1880948.62950887 1
1880992.29503 1
1881035.97593536 1
1881079.66083592 1
1881123.34789922 1
1881167.03961478 1
1881210.72182773 1
1881254.40437421 1
1881298.09268599 1
1881341.77733597 1
1881385.47360841 1
1881429.1794338 1
1881472.88421743 1
1881516.6022315 1
1881560.32079142 1
1881604.03496539 1
1881647.75788026 1
1881691.47967937 1
1881735.20688917 1
1881778.95131886 1
1881822.70593694 1
1881866.48171697 1
1881910.28188992 1
1881954.08506918 1
1881997.88575405 1
1882041.66283491 1
1882085.39713484 1
1882129.10639704 1
1882172.78302957 1
1882216.43947191 1
1882260.10076944 1
1882303.75601893 1
1882347.40515221 1
1882391.04688242 1
1882434.6629166 1
1882478.26985331 1
1882521.87170971 1
1882565.46890731 1
1882609.08336505 1
1882652.70489354 1
1882696.3270132 1
1882739.96120718 1
1882783.59405149 1
1882827.22873212 1
1882870.87603529 1
1882914.52095418 1
1882958.16778429 1
1883001.81681638 1
1883045.45342958 1
1883089.08826512 1
1883132.7214406 1
1883176.350406 1
1883219.99547518 1
1883263.64815901 1
1883307.30865159 1
1883350.9808378 1
1883394.6509716 1
1883438.32295126 1
1883482.00099803 1
1883525.66897641 1
1883569.33115377 1
1883612.98778262 1
1883656.63388105 1
1883700.28828358 1
1883743.94116245 1
1883787.58618024 1
1883831.24021488 1
1883874.89293016 1
1883918.54605718 1
1883962.2118366 1
1884005.87713602 1
1884049.54846124 1
1884093.22867964 1
1884136.90666386 1
1884180.5950199 1
1884224.29118478 1
1884267.98619342 1
1884311.69808082 1
1884355.4164423 1
1884399.13406995 1
1884442.86380375 1
1884486.59763378 1
1884530.33320096 1
1884574.06608848 1
1884617.77928081 1
1884661.48595897 1
1884705.19085011 1
1884748.88480171 1
1884792.5819 1
1884836.27435887 1
1884879.95123148 1
1884923.6213167 1
1884967.2709925 1
1885010.90523746 1
1885054.54207873 1
1885098.17284432 1
1885141.80562525 1
1885185.43752228 1
1885229.04888189 1
1885272.65125223 1
1885316.24260198 1
1885359.81698062 1
1885403.40106358 1
1885446.99355136 1
1885490.58892895 1
1885534.20168626 1
1885577.82738862 1
1885621.47038728 1
1885665.1369827 1
1885708.81691176 1
1885752.51620327 1
1885796.23498614 1
1885839.95145649 1
1885883.66860106 1
1885927.37997283 1
1885971.07905244 1
1886014.78622048 1
1886058.49598403 1
1886102.20906831 1
1886145.93692979 1
1886189.66812028 1
1886233.40396201 1
1886277.14825973 1
1886320.88368847 1
1886364.61354219 1
1886408.33422388 1
1886452.0376423 1
1886495.74169495 1
1886539.43443346 1
1886583.10735339 1
1886626.773391 1
1886670.41941091 1
1886714.04791045 1
1886757.67482168 1
1886801.29235015 1
1886844.91183799 1
1886888.53671584 1
1886932.1512158 1
1886975.76638246 1
1887019.37901026 1
1887062.9795199 1
1887106.58641805 1
1887150.19236539 1
1887193.79313902 1
1887237.40254553 1
1887281.01127826 1
1887324.62433374 1
1887368.25137991 1
1887411.88179169 1
1887455.52228354 1
1887499.17329653 1
1887542.82287034 1
1887586.48394547 1
1887630.14845003 1
1887673.80781698 1
1887717.48199421 1
1887761.16423141 1
1887804.85420874 1
1887848.55250711 1
1887892.23541598 1
1887935.90560218 1
1887979.57154455 1
1888023.22191767 1
1888066.86968084 1
1888110.51506104 1
1888154.14624137 1
1888197.77943563 1
1888241.41393652 1
1888285.05313373 1
1888328.70875688 1
1888372.3739534 1
1888416.05548912 1
1888459.75866288 1
1888503.46812264 1
1888547.18781041 1
1888590.91626547 1
1888634.64229363 1
1888678.38809479 1
1888722.15250118 1
1888765.92409235 1
1888809.67561946 1
1888853.3925729 1
1888897.10257089 1
1888940.80540683 1
1888984.48725644 1
1889028.17057538 1
1889071.86687634 1
1889115.56459466 1
1889159.27486979 1
1889202.99713269 1
1889246.71455615 1
1889290.44150539 1
1889334.16315521 1
1889377.86862279 1
1889421.57114773 1
1889465.25935766 1
1889508.9389917 1
1889552.62358905 1
1889596.30951498 1
1889639.993239 1
1889683.66265451 1
1889727.30860863 1
1889770.95781784 1
1889814.62514915 1
1889858.28477424 1
1889901.93406938 1
1889945.56780988 1
1889989.19396393 1
1890032.8315077 1
1890076.47652103 1
1890120.13051405 1
1890163.79135105 1
1890207.43663758 1
1890251.08034874 1
1890294.72993443 1
1890338.37597026 1
1890382.03024412 1
1890425.68902872 1
1890469.34510524 1
1890513.01411042 1
1890556.68016765 1
1890600.33623742 1
1890643.99077304 1
1890687.63727424 1
1890731.28941522 1
1890774.96017714 1
1890818.63064307 1
1890862.30959046 1
1890905.9986012 1
1890949.69390356 1
1890993.413266 1
1891037.14361939 1
1891080.87454046 1
1891124.6148205 1
1891168.35325228 1
1891212.09239394 1
1891255.84139561 1
1891299.59130598 1
1891343.35239429 1
1891387.12395837 1
1891430.89145318 1
1891474.6627008 1
1891518.4288231 1
1891562.17741514 1
1891605.91391433 1
1891649.61719205 1
1891693.28964889 1
1891736.94850443 1
1891780.58774124 1
1891824.21804255 1
1891867.84790967 1
1891911.4658343 1
1891955.0786548 1
1891998.68447422 1
1892042.26987478 1
1892085.85192478 1
1892129.42673469 1
1892172.99201952 1
1892216.56858511 1
1892260.15168373 1
1892303.74549309 1
1892347.35784671 1
1892390.97951583 1
1892434.61739424 1
1892478.27176907 1
1892521.92775301 1
1892565.59329092 1
1892609.26147645 1
1892652.92810651 1
1892696.6202621 1
1892740.32883435 1
1892784.04135651 1
1892827.76364316 1
1892871.47490937 1
1892915.17427901 1
1892958.87102876 1
1893002.55488926 1
1893046.24043286 1
1893089.93572999 1
1893133.62936297 1
1893177.3255419 1
1893221.01507473 1
1893264.68634937 1
1893308.35123094 1
1893351.99941278 1
1893395.63379344 1
1893439.2688119 1
1893482.89425401 1
1893526.51865661 1
1893570.14632958 1
1893613.76848257 1
1893657.40083982 1
1893701.0438811 1
1893744.69282528 1
1893788.36207404 1
1893832.03810495 1
1893875.71005048 1
1893919.39541708 1
1893963.09089902 1
1894006.79980538 1
1894050.53340004 1
1894094.27782016 1
1894138.03372024 1
1894181.79690069 1
1894225.55315401 1
1894269.31442466 1
1894313.07529829 1
1894356.8229876 1
1894400.57003513 1
1894444.3054947 1
1894488.02994058 1
1894531.75644376 1
1894575.47306166 1
1894619.1836158 1
1894662.89520934 1
1894706.59642813 1
1894750.29630779 1
1894793.99445257 1
1894837.67863438 1
1894881.36384527 1
1894925.04083706 1
1894968.70109262 1
1895012.36255535 1
1895056.01486385 1
1895099.65801102 1
1895143.30585966 1
1895186.9502488 1
1895230.59909519 1
1895274.25706637 1
1895317.90849389 1
1895361.56323859 1
1895405.21857779 1
1895448.86674636 1
1895492.52581921 1
1895536.18824032 1
1895579.84669438 1
1895623.51432336 1
1895667.17905278 1
1895710.84091215 1
1895754.50626173 1
1895798.16580429 1
1895841.83610699 1
1895885.5198056 1
1895929.19581225 1
1895972.87064494 1
1896016.5420587 1
1896060.20841635 1
1896103.89108186 1
1896147.58100321 1
1896191.28249489 1
1896235.0080268 1
1896278.73923189 1
1896322.46974935 1
1896366.20009544 1
1896409.91517641 1
1896453.62398277 1
1896497.32812564 1
1896541.02212845 1
1896584.72727352 1
1896628.44244598 1
1896672.15797588 1
1896715.87252955 1
1896759.57083534 1
1896803.25052862 1
1896846.91878575 1
1896890.56286047 1
1896934.19604702 1
1896977.83046045 1
1897021.4606947 1
1897065.10740458 1
1897108.76489528 1
1897152.42610616 1
1897196.11340711 1
1897239.80922804 1
1897283.50595392 1
1897327.21407986 1
1897370.91507374 1
1897414.60778099 1
1897458.30193833 1
1897501.99413253 1
1897545.70044283 1
1897589.42298286 1
1897633.14644789 1
1897676.87720844 1
1897720.60835535 1
1897764.33332798 1
1897808.0653457 1
1897851.79572268 1
1897895.51634602 1
1897939.23380187 1
1897982.94262448 1
1898026.65673426 1
1898070.37837253 1
1898114.08772715 1
1898157.78676377 1
1898201.46561107 1
1898245.11157678 1
1898288.74473638 1
1898332.36587507 1
1898375.97501749 1
1898419.5888558 1
1898463.19857655 1
1898506.80738219 1
1898550.42477373 1
1898594.04434255 1
1898637.68517145 1
1898681.34553801 1
1898725.01301562 1
1898768.70164815 1
1898812.39796794 1
1898856.08878089 1
1898899.79153196 1
1898943.49569242 1
1898987.20374211 1
1899030.92884931 1
1899074.65143629 1
1899118.3698085 1
1899162.08679132 1
1899205.79089815 1
1899249.49639919 1
1899293.20407912 1
1899336.90254102 1
1899380.60996961 1
1899424.32104757 1
1899468.03099186 1
1899511.75464648 1
1899555.4820902 1
1899599.21102659 1
1899642.95047652 1
1899686.68589731 1
1899730.42119266 1
1899774.15757224 1
1899817.8777433 1
1899861.58723592 1
1899905.28351172 1
1899948.95675493 1
1899992.61836145 1
1900036.25306048 1
1900079.85953537 1
1900123.46275224 1
1900167.06097407 1
1900210.66749022 1
1900254.29256439 1
1900297.91612176 1
1900341.54730216 1
1900385.18517099 1
1900428.81815931 1
1900472.46238579 1
1900516.1099261 1
1900559.75268662 1
1900603.40622964 1
1900647.06091925 1
1900690.71745431 1
1900734.38923694 1
1900778.0627879 1
1900821.73879528 1
1900865.42068601 1
1900909.09403937 1
1900952.77083556 1
1900996.45214579 1
1901040.12978833 1
1901083.82247394 1
1901127.52284435 1
1901171.2279984 1
1901214.94981273 1
1901258.67274919 1
1901302.39680891 1
1901346.13181125 1
1901389.87030861 1
1901433.62218588 1
1901477.38910071 1
1901521.15599012 1
1901564.92888813 1
1901608.69973799 1
1901652.45786122 1
1901696.21798467 1
1901739.96683043 1
1901783.69629647 1
1901827.41845452 1
1901871.12143388 1
1901914.80756525 1
1901958.48391421 1
1902002.13914212 1
1902045.78688665 1
1902089.43450542 1
1902133.07948893 1
1902176.73827357 1
1902220.39802598 1
1902264.04772796 1
1902307.69827565 1
1902351.33761859 1
1902394.96733458 1
1902438.60009506 1
1902482.2330677 1
1902525.87175277 1
1902569.51380745 1
1902613.14461859 1
1902656.77529855 1
1902700.39952402 1
1902744.0047891 1
1902787.6071962 1
1902831.19771131 1
1902874.77801992 1
1902918.36364174 1
1902961.94162832 1
1903005.51767857 1
1903049.10405915 1
1903092.70047457 1
1903136.33514156 1
1903180.00574834 1
1903223.68611555 1
1903267.38857101 1
1903311.10342743 1
1903354.81368929 1
1903398.5309041 1
1903442.24927237 1
1903485.96993025 1
1903529.70074031 1
1903573.42766538 1
1903617.14991674 1
1903660.86888692 1
1903704.57475036 1
1903748.28379405 1
1903791.99906862 1
1903835.7063563 1
1903879.41382326 1
1903923.10554323 1
1903966.77420971 1
1904010.4430441 1
1904054.10877998 1
1904097.77379178 1
1904141.44950407 1
1904185.12493995 1
1904228.81133072 1
1904272.51930873 1
1904316.2409045 1
1904359.98608633 1
1904403.7427418 1
1904447.49582289 1
1904491.25959031 1
1904535.02734807 1
1904578.79975442 1
1904622.58988059 1
1904666.38350499 1
1904710.17230143 1
1904753.95288284 1
1904797.71024428 1
1904841.45439408 1
1904885.18517921 1
1904928.89245264 1
1904972.59288913 1
1905016.27965527 1
1905059.94936655 1
1905103.62051332 1
1905147.2850515 1
1905190.95016967 1
1905234.62585009 1
1905278.29792282 1
1905321.97020559 1
1905365.64497795 1
1905409.31192764 1
1905452.98868668 1
1905496.67524723 1
1905540.36165851 1
1905584.06292416 1
1905627.76132756 1
1905671.45065039 1
1905715.14655909 1
1905758.84129466 1
1905802.53935618 1
1905846.24124971 1
1905889.93758505 1
1905933.63911499 1
1905977.34240392 1
1906021.03133315 1
1906064.71726446 1
1906108.3936209 1
1906152.05328223 1
1906195.71577773 1
1906239.37088591 1
1906283.01998079 1
1906326.67911221 1
1906370.33308194 1
1906413.98800876 1
1906457.65159872 1
1906501.311048 1
1906544.97393123 1
1906588.63830057 1
1906632.2912612 1
1906675.94325356 1
1906719.58667687 1
1906763.22348712 1
1906806.86694239 1
1906850.50854758 1
1906894.15238998 1
1906937.80746215 1
1906981.46243149 1
1907025.12696558 1
1907068.8042654 1
1907112.47613033 1
1907156.15341718 1
1907199.83045619 1
1907243.50057275 1
1907287.18575309 1
1907330.87549457 1
1907374.56556746 1
1907418.26627502 1
1907461.96643774 1
1907505.67039927 1
1907549.38146778 1
1907593.08533935 1
1907636.79568605 1
1907680.51463034 1
1907724.2282853 1
1907767.95534282 1
1907811.68971307 1
1907855.42406757 1
1907899.16719659 1
1907942.90481084 1
1907986.63608615 1
1908030.37317809 1
1908074.10385551 1
1908117.83285002 1
1908161.56477424 1
1908205.29235298 1
1908249.02858332 1
1908292.7672895 1
1908336.49541226 1
1908380.2272128 1
1908423.95068044 1
1908467.66023504 1
1908511.36880394 1
1908555.0664066 1
1908598.75232824 1
1908642.43182238 1
1908686.0932268 1
1908729.74542961 1
1908773.39438725 1
1908817.02875569 1
1908860.66295724 1
1908904.30010115 1
1908947.93151522 1
1908991.5644587 1
1909035.17768793 1
1909078.77981855 1
1909122.39605691 1
1909166.02157986 1
1909209.66351501 1
1909253.32601552 1
1909296.99364635 1
1909340.66651653 1
1909384.33962983 1
1909428.01232611 1
1909471.70927838 1
1909515.42392276 1
1909559.14850823 1
1909602.88685325 1
1909646.62475551 1
1909690.36094843 1
1909734.1014881 1
1909777.83550882 1
1909821.5696223 1
1909865.30936671 1
1909909.03823648 1
1909952.76725613 1
1909996.49468892 1
1910040.20987847 1
1910083.9316369 1
1910127.65323354 1
1910171.37179096 1
1910215.09619106 1
1910258.80717964 1
1910302.50325708 1
1910346.19489741 1
1910389.87584699 1
1910433.56245836 1
1910477.25787515 1
1910520.94872851 1
1910564.64834416 1
1910608.34991548 1
1910652.04944532 1
1910695.76769718 1
1910739.49512904 1
1910783.23129403 1
1910826.98636114 1
1910870.74546796 1
1910914.50813539 1
1910958.2763758 1
1911002.03564229 1
1911045.79629272 1
1911089.55570016 1
1911133.30263725 1
1911177.05440966 1
1911220.80503904 1
1911264.54809888 1
1911308.29215377 1
1911352.02165284 1
1911395.7340805 1
1911439.4395121 1
1911483.12836022 1
1911526.813485 1
1911570.49792572 1
1911614.16946786 1
1911657.83883764 1
1911701.50099607 1
1911745.14637263 1
1911788.79245013 1
1911832.4357928 1
1911876.07929968 1
1911919.74099455 1
1911963.41447995 1
1912007.10133496 1
1912050.80058987 1
1912094.49786177 1
1912138.19899021 1
1912181.90611818 1
1912225.61588497 1
1912269.33972118 1
1912313.05783448 1
1912356.76294551 1
1912400.47110812 1
1912444.17827241 1
1912487.88149809 1
1912531.58712711 1
1912575.28428834 1
1912618.98733331 1
1912662.69980962 1
1912706.39577985 1
1912750.09066368 1
1912793.78444311 1
1912837.47532166 1
1912881.1749431 1
1912924.86582849 1
1912968.5503342 1
1913012.2405455 1
1913055.92047608 1
1913099.59198779 1
1913143.26740132 1
1913186.93306627 1
1913230.59810454 1
1913274.27604191 1
1913317.95197708 1
1913361.63538685 1
1913405.31780221 1
1913448.98587859 1
1913492.65908433 1
1913536.34090132 1
1913580.03360806 1
1913623.74014389 1
1913667.44883199 1
1913711.16277608 1
1913754.88803644 1
1913798.61301154 1
1913842.3447927 1
1913886.07961153 1
1913929.80548936 1
1913973.54549279 1
1914017.29206162 1
1914061.03264112 1
1914104.77307032 1
1914148.49853427 1
1914192.21393773 1
1914235.9279466 1
1914279.63038524 1
1914323.33195274 1
1914367.03056903 1
1914410.70781296 1
1914454.37245603 1
1914498.0196165 1
1914541.64577564 1
1914585.27216756 1
1914628.89220352 1
1914672.50632845 1
1914716.1306204 1
1914759.75936012 1
1914803.40370733 1
1914847.0594186 1
1914890.70624493 1
1914934.35156541 1
1914977.9930603 1
1915021.61947157 1
1915065.25292958 1
1915108.89295147 1
1915152.54294121 1
1915196.21901912 1
1915239.90603457 1
1915283.60040604 1
1915327.30732978 1
1915371.00833272 1
1915414.70962117 1
1915458.41673009 1
1915502.11985994 1
1915545.83040186 1
1915589.54949462 1
1915633.26668363 1
1915676.9981767 1
1915720.7303472 1
1915764.45574501 1
1915808.17867512 1
1915851.86922241 1
1915895.50611574 1
1915939.07078636 1
1915982.52267139 1
1916025.88548538 1
1916069.25147011 1
1916112.35842684 1
1916155.14399678 1
1916197.60778719 1
1916239.73585267 1
1916281.53906572 1
1916323.00942236 1
1916364.13884175 1
1916404.91999222 1
1916445.34014867 1
1916485.39876853 1
1916524.98288524 1
1916563.95087213 1
1916602.31503922 1
1916640.07701071 1
1916677.22396568 1
1916713.76993677 1
1916749.64168279 1
1916784.76839362 1
1916819.16055502 1
1916852.96323865 1
1916887.04714301 1
