1861804.42823747 568.071517648016
1861840.08711889 567.267645724214
1861874.67863858 566.501733347475
1861909.19555236 565.788504207495
1861943.7642462 565.041188585153
1861978.33782246 564.277739849193
1862012.88318896 563.609498757155
1862047.44187472 562.849727242904
1862082.03347749 562.079347334685
1862116.6394218 561.32373483585
1862151.30314645 560.544100983967
1862186.05131418 559.771314268429
1862220.91844716 558.881996407215
1862255.98328088 558.126066548578
1862291.26707033 557.356182829939
1862326.80273323 556.482086302282
1862362.67387732 555.630080862715
1862398.9422235 554.8291407994
1862435.81986103 553.983917129322
1862473.1910258 553.114619151481
1862510.94296556 552.317189317002
1862549.14999889 551.548727020451
1862587.86408865 550.807323517025
1862627.09460225 550.005225855062
1862666.87124687 549.261737583331
1862707.25866426 548.605107909767
1862748.31630276 548.028901785755
1862790.02766674 547.823945879617
1862832.39057292 547.726430641154
1862875.23091275 547.732572219262
1862918.28485793 547.664127855566
1862961.53163827 547.576930321277
1863004.96812223 547.480205725093
1863048.61120768 547.346189956039
1863092.44434773 547.222270286387
1863136.45539362 547.09891568217
1863180.64280842 546.972466917162
1863224.98323015 546.847728273755
1863269.48813294 546.709739779019
1863314.00381077 546.591026690112
1863358.21947298 546.441701047734
1863402.30663393 546.281417346798
1863446.28281054 546.25103867777
1863490.14163165 546.234977183489
1863533.93738812 546.295313479231
1863577.70935227 546.373701973523
1863621.46748707 546.444247773762
1863665.22280406 546.443833706451
1863708.95666053 546.521553244621
1863752.66716943 546.605375879225
1863796.32388954 546.969265666418
1863839.88491993 547.098164230569
1863883.38710633 547.157801939584
1863926.84907356 547.367693494313
1863970.26780645 547.513014005693
1864013.65307546 547.513226602879
1864056.99856109 547.635379410107
1864100.29571082 547.843522267845
1864143.57428889 547.807993117858
1864186.84000634 547.996722310104
1864230.11139853 548.09784765626
1864273.42173916 547.946844128032
1864316.76219512 548.066741285714
1864360.13421364 548.040286848777
1864403.55061783 547.694641301747
1864447.00633492 547.641672533589
1864490.52187556 547.540628532153
1864534.09414027 547.111028194507
1864577.67176431 546.706858022919
1864621.24724243 546.494199015176
1864664.80222524 545.978190976723
1864708.32577727 545.411847460625
1864751.84788564 544.969661487786
1864795.37253082 544.51188902746
1864838.90313189 543.812425961706
1864882.45182741 543.14930541876
1864926.00717828 542.664505613014
1864969.57584607 541.820785251225
1865013.16263894 541.110313504356
1865056.77302902 540.562677161793
1865100.42922275 539.985098654024
1865144.11994899 539.34073282008
1865187.8117563 538.636799842467
1865231.5072644 538.195283615002
1865275.19663735 537.619408085832
1865318.87475224 537.017722315373
1865362.55863458 536.550587127428
1865406.2433461 536.15292961862
1865449.92642244 535.695322261834
1865493.61145101 535.233101173759
1865537.28398731 534.755605807744
1865580.95034887 534.371053957017
1865624.61237274 533.895557905469
1865668.25490554 533.328828814282
1865711.88524942 532.83938635088
1865755.5052019 532.471612869028
1865799.10853046 531.970642312613
1865842.71336087 531.48689086974
1865886.31688493 531.037963224695
1865929.92646974 530.667125945748
1865973.56821887 530.211788574373
1866017.23875167 529.794511719925
1866060.93259607 529.47770481183
1866104.64624746 529.107488131208
1866148.35800977 528.748086717617
1866192.07030011 528.465201544917
1866235.78324366 528.216699721312
1866279.48244248 527.992046807538
1866323.17742254 527.72021279818
1866366.86321794 527.506466004377
1866410.53642999 527.314160739771
1866454.21638386 527.185840227723
1866497.89154879 526.997895636372
1866541.55746096 526.800934549287
1866585.21636053 526.669449421758
1866628.85385411 526.537198152948
1866672.48294388 526.433139206126
1866716.10959979 526.308646021459
1866759.72403647 526.08775534203
1866803.33905017 525.914715148936
1866846.95530331 525.792317798412
1866890.56668592 525.643352649916
1866934.1905951 525.479777469851
1866977.81986675 525.271437837999
1867021.45121813 525.05587479556
1867065.09868214 524.813960054911
1867108.74962432 524.52415867187
1867152.40070933 524.247543916243
1867196.05412539 524.002080717902
1867239.6943282 523.747969725252
1867283.33078704 523.487000482643
1867326.97341432 523.251897199202
1867370.61375935 522.999231206712
1867414.26657907 522.724485012031
1867457.92663737 522.499640728123
1867501.58159181 522.238494594257
1867545.24705602 521.986650387326
1867588.91267096 521.747957789442
1867632.57330328 521.492614280501
1867676.23955683 521.280558301578
1867719.89569664 521.01665743236
1867763.54363205 520.730171131523
1867807.19190569 520.362410082351
1867850.83185514 520.038728981952
1867894.47724436 519.710534369357
1867938.13603124 519.390752939153
1867981.80024291 519.032961648738
1868025.48071019 518.661162568919
1868069.1663622 518.300278031212
1868112.85263714 517.945157356291
1868156.55134722 517.690099081332
1868200.2456342 517.449644587846
1868243.93575651 517.109902526173
1868287.62931331 516.757586592563
1868331.30942261 516.472740106732
1868374.98755664 516.228011847781
1868418.6687525 515.971916557873
1868462.33733205 515.688123539387
1868506.00952033 515.376540974882
1868549.68271511 515.14128006618
1868593.34229173 514.888136798439
1868637.0105671 514.633212226947
1868680.67976209 514.427099241996
1868724.34112029 514.166553755663
1868768.0057703 513.824316236513
1868811.6573725 513.595226196944
1868855.29651489 513.372994760268
1868898.93320669 513.10535973587
1868942.55788888 512.825726055817
1868986.17497758 512.556550666759
1869029.79113205 512.189884485761
1869073.39262988 511.879413138101
1869116.98775925 511.575325991768
1869160.57010134 511.244220408538
1869204.1337084 510.853852328408
1869247.70243385 510.414241101387
1869291.27694199 509.982610946847
1869334.86432873 509.569678322461
1869378.47817537 509.11146611206
1869422.09607139 508.658377388741
1869465.71192282 508.204425228972
1869509.3247901 507.741232994178
1869552.92640634 507.337805898317
1869596.5359173 506.913105010157
1869640.15959146 506.374936940758
1869683.79391629 506.009496385398
1869727.4572534 505.640425984763
1869771.1383641 505.139139389869
1869814.82604043 504.710492964794
1869858.52475442 504.160104719883
1869902.21764452 503.724607730742
1869945.90738271 503.22897789406
1869989.60219779 502.7168441563
1870033.28784432 502.301382249524
1870076.96938128 501.849416673272
1870120.64833014 501.319782857627
1870164.31763162 500.885526873487
1870207.99047588 500.410674882856
1870251.66328596 499.877757264129
1870295.32012593 499.396610818937
1870338.96948358 498.955135307982
1870382.61058029 498.601707103306
1870426.23953074 498.169469273057
1870469.86630429 497.641220051824
1870513.48610455 497.223846910458
1870557.10885007 496.883588750436
1870600.7460885 496.605677053235
1870644.38440919 496.186076342243
1870688.02763579 495.853013607329
1870731.67129231 495.628619274573
1870775.30477336 495.311271516778
1870818.94756012 495.05382225646
1870862.59718353 494.896807075597
1870906.25117941 494.679175437026
1870949.92325486 494.472488384723
1870993.60090568 494.370471687426
1871037.28673761 494.36016343473
1871080.97831482 494.333502492664
1871124.65382976 494.379783031299
1871168.312646 494.463331992513
1871211.95965652 494.518753106556
1871255.58983111 494.676296035226
1871299.22417136 494.886476843476
1871342.86662989 495.003478023262
1871386.50534831 495.087874963096
1871430.14955671 495.147181715848
1871473.79358876 495.315657853165
1871517.43698461 495.332693777189
1871561.09640115 495.260406703038
1871604.76299556 495.251876109379
1871648.4472417 495.19091176439
1871692.15558952 495.015923354658
1871735.87234331 494.822684192202
1871779.60495309 494.691584914407
1871823.35058402 494.367206814414
1871867.09460218 493.997295414157
1871910.84372789 493.633499931507
1871954.5934316 493.244395377701
1871998.32278026 492.880661367492
1872042.03959593 492.476044240239
1872085.73321194 491.956561243263
1872129.40236729 491.482480622982
1872173.05978254 491.016080828862
1872216.69713696 490.525245780947
1872260.32586404 490.05693900957
1872303.95582601 489.520064369251
1872347.57406788 488.953992224714
1872391.19466281 488.471163914501
1872434.81768833 487.891921844529
1872478.43577705 487.283002480021
1872522.06483461 486.735205879873
1872565.70437827 486.134851009599
1872609.35896289 485.590847870583
1872653.03685713 484.993226836951
1872696.71718344 484.418767453067
1872740.39931705 483.888660550867
1872784.09329056 483.370880866557
1872827.78977849 482.89338528002
1872871.4965214 482.422709431262
1872915.21470741 481.97867951163
1872958.93180794 481.563725430909
1873002.65005021 481.155054547921
1873046.35348537 480.818840875029
1873090.0344322 480.522538778272
1873133.71540952 480.196848695647
1873177.39278871 479.841141784036
1873221.06931667 479.598908528127
1873264.75696593 479.380123168401
1873308.43690752 479.16794177206
1873352.10088264 478.952872028853
1873395.75464608 478.711678091229
1873439.39395257 478.578909916172
1873483.03389622 478.414215761494
1873526.68195149 478.266762690536
1873570.32331188 478.163492238526
1873613.96493749 478.107648984133
1873657.60440183 478.004867913129
1873701.24449579 477.921237991999
1873744.90077749 477.925378888291
1873788.56484123 477.817259088264
1873832.2318663 477.823576902522
1873875.9074417 477.717922520718
1873919.57904503 477.584506396674
1873963.25367938 477.568061467447
1874006.94031511 477.46359529408
1874050.63646952 477.364416709861
1874094.34846584 477.25028503836
1874138.06138967 477.11516206092
1874181.75276586 476.979053106225
1874225.42945437 476.823664349463
1874269.07848043 476.61251818983
1874312.70305903 476.354756386869
1874356.329521 476.131907845496
1874399.94557105 475.961541506944
1874443.55612172 475.7364911401
1874487.16978636 475.443917469958
1874530.77141627 475.16181134585
1874574.37153393 474.822469832428
1874617.96691516 474.522306392802
1874661.54505042 474.159343047139
1874705.12370118 473.816265741546
1874748.69936193 473.397217364318
1874792.26604542 472.946234051394
1874835.84044923 472.59836881868
1874879.41065255 472.199652123676
1874922.97809984 471.736571588051
1874966.55827583 471.277006056168
1875010.1515496 470.839160177959
1875053.7672939 470.410243212831
1875097.40834167 469.866359762759
1875141.05386192 469.345802379901
1875184.71299237 468.962404867373
1875228.38799579 468.522557642142
1875272.07530176 468.058353071363
1875315.78422046 467.557346538852
1875359.49646652 467.15738095048
1875403.20018783 466.738406460771
1875446.90401412 466.316733441381
1875490.60213762 465.929471039771
1875534.30315981 465.741152689264
1875578.01757729 465.438645677942
1875621.73684625 465.076252230475
1875665.46367688 464.792465394972
1875709.18983461 464.643812520646
1875752.90164042 464.514116435941
1875796.61984337 464.356591718202
1875840.33859973 464.272820137891
1875884.04396632 464.232445029702
1875927.74937753 464.190640545654
1875971.44632758 464.203969213518
1876015.12938231 464.228709946016
1876058.81250453 464.260051461455
1876102.48502206 464.310848729178
1876146.15351124 464.330130043764
1876189.82489148 464.39183565264
1876233.48837106 464.339082446562
1876277.15437259 464.305373135916
1876320.814783 464.304967378512
1876364.45323695 464.200142041752
1876408.08637193 464.036972326595
1876451.71476696 463.906800530979
1876495.33735223 463.755154928811
1876538.97497131 463.590644798625
1876582.61451162 463.464391531338
1876626.25612295 463.173758507053
1876669.90316926 462.813954534054
1876713.538162 462.486269779815
1876757.16314278 462.262505515871
1876800.78374897 461.99837274499
1876844.392779 461.689597967956
1876888.00670692 461.34099036732
1876931.62687218 461.012206290731
1876975.24473136 460.705070930178
1877018.88000727 460.420682683025
1877062.52288725 460.132813604338
1877106.16690784 459.80273808458
1877149.82457892 459.556792091101
1877193.48507687 459.293196135202
1877237.14915004 459.022539781283
1877280.8239039 458.741135154089
1877324.50012714 458.493922560581
1877368.1833983 458.321934355309
1877411.87363219 458.160184059198
1877455.55952015 457.996323912494
1877499.25075215 457.898067765349
1877542.9436932 457.742217960712
1877586.63198674 457.555247936097
1877630.33009095 457.481796310029
1877674.02555318 457.434714495559
1877717.72049366 457.305820880427
1877761.43025435 457.258018427485
1877805.14136419 457.184153245057
1877848.86093854 457.048650306963
1877892.59638615 456.957537467263
1877936.33425717 456.889539398209
1877980.07973955 456.778232558095
1878023.82428051 456.766971963185
1878067.55068147 456.724769368055
1878111.27309911 456.584238596005
1878154.99132859 456.464532656454
1878198.70033463 456.341227805002
1878242.4170082 456.208727538839
1878286.12880948 456.046644363478
1878329.8300427 455.911517902158
1878373.52546548 455.806249440708
1878417.19921901 455.635903257774
1878460.85449233 455.502448034671
1878504.49795298 455.34259462835
1878548.12652175 455.189196807964
1878591.75828755 455.017909768662
1878635.39094785 454.821569409406
1878679.01218482 454.625289994891
1878722.63612576 454.573186536075
1878766.24995564 454.452189503086
1878809.84932379 454.252241468463
1878853.44847885 454.072113839325
1878897.03779223 453.914917108648
1878940.62937017 453.754193405394
1878984.2401613 453.579378030561
1879027.8616938 453.439855965641
1879071.50145457 453.34560818863
1879115.15934453 453.141766854608
1879158.8184243 453.008957082742
1879202.4893316 452.895044316472
1879246.16609101 452.823046796659
1879289.83916734 452.676439237066
1879333.52189385 452.671050686695
1879377.20678839 452.601174103021
1879420.89283197 452.498684524337
1879464.58690627 452.515629508253
1879508.27807433 452.403513941404
1879551.97289789 452.321143213483
1879595.67662559 452.268351822587
1879639.37660123 452.216482629245
1879683.08985576 452.10924925652
1879726.8128961 452.063984130857
1879770.53137093 452.046794829436
1879814.26318298 451.982595538444
1879857.99787139 451.872441832742
1879901.72606937 451.833199988694
1879945.46081482 451.798647243679
1879989.1913528 451.66486648818
1880032.91491648 451.537542433462
1880076.6339323 451.423733977931
1880120.32964581 451.318773983137
1880164.00577008 451.242859386256
1880207.66654021 451.051732507658
1880251.30197676 450.935892899044
1880294.92936268 450.826286937719
1880338.53944353 450.767187652684
1880382.12543701 450.661759754302
1880425.70461207 450.53145339745
1880469.26655907 450.322238301421
1880512.81072028 450.246067638291
1880556.3532371 450.212286383118
1880599.88750841 450.138315550021
1880643.42453217 450.067827050708
1880686.97499101 449.995990269695
1880730.53171374 449.809726546487
1880774.11103661 449.687747360385
1880817.71409411 449.668468273307
1880861.3279728 449.658092437373
1880904.96953357 449.503272865115
1880948.62950887 449.423723797635
1880992.29503 449.362460679499
1881035.97593536 449.246646760694
1881079.66083592 449.169751731353
1881123.34789922 449.082643609448
1881167.03961478 448.984679158602
1881210.72182773 448.963251047935
1881254.40437421 448.840694871757
1881298.09268599 448.679086356614
1881341.77733597 448.59012945251
1881385.47360841 448.519382786685
1881429.1794338 448.459320331929
1881472.88421743 448.374918112065
1881516.6022315 448.241892196049
1881560.32079142 448.189473675279
1881604.03496539 448.224454888886
1881647.75788026 448.095687706838
1881691.47967937 448.057308892831
1881735.20688917 448.008596417942
1881778.95131886 447.924946347996
1881822.70593694 447.844773560436
1881866.48171697 447.844231773133
1881910.28188992 447.724834409851
1881954.08506918 447.663294013459
1881997.88575405 447.660070701635
1882041.66283491 447.555583414263
1882085.39713484 447.61513442917
1882129.10639704 447.570491450878
1882172.78302957 447.506029247376
1882216.43947191 447.47128744671
1882260.10076944 447.498992679212
1882303.75601893 447.488069180255
1882347.40515221 447.407890427675
1882391.04688242 447.422272086125
1882434.6629166 447.393642277724
1882478.26985331 447.39317040169
1882521.87170971 447.40863420943
1882565.46890731 447.403219600828
1882609.08336505 447.44236677975
1882652.70489354 447.445419194638
1882696.3270132 447.445086125199
1882739.96120718 447.443973033148
1882783.59405149 447.41476499306
1882827.22873212 447.454341871458
1882870.87603529 447.356353953074
1882914.52095418 447.364017669547
1882958.16778429 447.463126139037
1883001.81681638 447.378839515362
1883045.45342958 447.311984258095
1883089.08826512 447.378889182846
1883132.7214406 447.411078168749
1883176.350406 447.384188967248
1883219.99547518 447.376011137254
1883263.64815901 447.36631499886
1883307.30865159 447.308860840858
1883350.9808378 447.277938924421
1883394.6509716 447.238274363898
1883438.32295126 447.205713435178
1883482.00099803 447.188208885046
1883525.66897641 447.177383976357
1883569.33115377 447.049828259989
1883612.98778262 446.95037017802
1883656.63388105 446.863633939289
1883700.28828358 446.749142542855
1883743.94116245 446.690221913152
1883787.58618024 446.592660018877
1883831.24021488 446.500765831525
1883874.89293016 446.501190495404
1883918.54605718 446.396214128682
1883962.2118366 446.372768793896
1884005.87713602 446.346800328127
1884049.54846124 446.256393403953
1884093.22867964 446.286406403468
1884136.90666386 446.208370771227
1884180.5950199 446.254890187034
1884224.29118478 446.275724584068
1884267.98619342 446.34002696964
1884311.69808082 446.304849198574
1884355.4164423 446.34769878926
1884399.13406995 446.43146590987
1884442.86380375 446.509538848735
1884486.59763378 446.524394193391
1884530.33320096 446.551055800867
1884574.06608848 446.591226295177
1884617.77928081 446.656842200613
1884661.48595897 446.743264373087
1884705.19085011 446.898462091348
1884748.88480171 446.925049029973
1884792.5819 446.949750737213
1884836.27435887 447.109593317836
1884879.95123148 447.224753894378
1884923.6213167 447.121340026449
1884967.2709925 447.040652363124
1885010.90523746 447.089265710903
1885054.54207873 447.128840528645
1885098.17284432 447.120866355423
1885141.80562525 447.129542890101
1885185.43752228 447.169927302637
1885229.04888189 447.129156060068
1885272.65125223 447.084130024326
1885316.24260198 447.070455328968
1885359.81698062 446.979402007627
1885403.40106358 446.859350661141
1885446.99355136 446.834160319065
1885490.58892895 446.843452181316
1885534.20168626 446.814335905206
1885577.82738862 446.717314598984
1885621.47038728 446.750332035037
1885665.1369827 446.721221538293
1885708.81691176 446.708397287175
1885752.51620327 446.70968367454
1885796.23498614 446.666539085446
1885839.95145649 446.747643177497
1885883.66860106 446.748734150634
1885927.37997283 446.797250314011
1885971.07905244 446.882663196767
1886014.78622048 446.945814758421
1886058.49598403 446.972575332626
1886102.20906831 447.059790824987
1886145.93692979 447.216645393751
1886189.66812028 447.323048998689
1886233.40396201 447.405183504001
1886277.14825973 447.493773566506
1886320.88368847 447.643678090505
1886364.61354219 447.701302794742
1886408.33422388 447.809302782096
1886452.0376423 447.842901234664
1886495.74169495 447.971989819686
1886539.43443346 448.072490350453
1886583.10735339 448.180716795223
1886626.773391 448.290935433299
1886670.41941091 448.394538704682
1886714.04791045 448.647386246779
1886757.67482168 448.593051454926
1886801.29235015 448.603186524389
1886844.91183799 448.69165937359
1886888.53671584 448.741716013378
1886932.1512158 448.795584641694
1886975.76638246 448.954258969137
1887019.37901026 448.994147172596
1887062.9795199 449.021138807473
1887106.58641805 449.147938071403
1887150.19236539 449.070803198772
1887193.79313902 449.133339506401
1887237.40254553 449.229221988914
1887281.01127826 449.236067720031
1887324.62433374 449.324886718943
1887368.25137991 449.38362975581
1887411.88179169 449.443403109828
1887455.52228354 449.511625288228
1887499.17329653 449.545323450955
1887542.82287034 449.587016205761
1887586.48394547 449.640585485201
1887630.14845003 449.693537843131
1887673.80781698 449.758528704374
1887717.48199421 449.79431543424
1887761.16423141 449.804859059037
1887804.85420874 449.869560219036
1887848.55250711 449.968128036069
1887892.23541598 449.986091120466
1887935.90560218 450.049591248415
1887979.57154455 450.074712131851
1888023.22191767 450.07608298686
1888066.86968084 450.094004778139
1888110.51506104 450.19893935739
1888154.14624137 450.327622736705
1888197.77943563 450.365957436958
1888241.41393652 450.359494533451
1888285.05313373 450.374760976006
1888328.70875688 450.446154034638
1888372.3739534 450.541860111862
1888416.05548912 450.572612744073
1888459.75866288 450.565885677176
1888503.46812264 450.589135088172
1888547.18781041 450.605012170035
1888590.91626547 450.579120702728
1888634.64229363 450.570767001815
1888678.38809479 450.605600600267
1888722.15250118 450.518267966249
1888765.92409235 450.509150362831
1888809.67561946 450.466396943971
1888853.3925729 450.465145598176
1888897.10257089 450.436599893266
1888940.80540683 450.354301211484
1888984.48725644 450.332424074002
1889028.17057538 450.274430185882
1889071.86687634 450.160014358384
1889115.56459466 450.152946673511
1889159.27486979 450.143735971324
1889202.99713269 450.012140772829
1889246.71455615 449.863157969584
1889290.44150539 449.815357187752
1889334.16315521 449.794552576499
1889377.86862279 449.670618234357
1889421.57114773 449.525293330763
1889465.25935766 449.460667581307
1889508.9389917 449.403918464902
1889552.62358905 449.44990173953
1889596.30951498 449.251803293172
1889639.993239 449.202696095294
1889683.66265451 449.238564083589
1889727.30860863 449.152874245207
1889770.95781784 449.164793968996
1889814.62514915 449.241802524525
1889858.28477424 449.156671829965
1889901.93406938 449.222766149152
1889945.56780988 449.233383530814
1889989.19396393 449.271473636688
1890032.8315077 449.315816033408
1890076.47652103 449.280653810735
1890120.13051405 449.384294311676
1890163.79135105 449.453697348652
1890207.43663758 449.534017871705
1890251.08034874 449.61215110179
1890294.72993443 449.706064194577
1890338.37597026 449.672827844508
1890382.03024412 449.73147415607
1890425.68902872 449.835240646806
1890469.34510524 450.033333210465
1890513.01411042 449.981813233154
1890556.68016765 449.97781067155
1890600.33623742 450.076408288025
1890643.99077304 450.156429991368
1890687.63727424 450.120555745587
1890731.28941522 450.11259938874
1890774.96017714 450.166488191109
1890818.63064307 450.33280538816
1890862.30959046 450.37143878395
1890905.9986012 450.403538233406
1890949.69390356 450.428525322755
1890993.413266 450.421186168326
1891037.14361939 450.472232321279
1891080.87454046 450.457256013752
1891124.6148205 450.444182655852
1891168.35325228 450.527627945145
1891212.09239394 450.460147309366
1891255.84139561 450.431747185292
1891299.59130598 450.534241955566
1891343.35239429 450.435781803021
1891387.12395837 450.35795309604
1891430.89145318 450.322031945919
1891474.6627008 450.287796137733
1891518.4288231 450.207344303055
1891562.17741514 450.0642375048
1891605.91391433 449.988113818232
1891649.61719205 449.940288702483
1891693.28964889 449.941413096573
1891736.94850443 449.844228536175
1891780.58774124 449.755128944585
1891824.21804255 449.61078698979
1891867.84790967 449.431736643392
1891911.4658343 449.284966854834
1891955.0786548 449.261800280384
1891998.68447422 449.15548413389
1892042.26987478 448.906363254957
1892085.85192478 448.782912982312
1892129.42673469 448.720722275603
1892172.99201952 448.53240604785
1892216.56858511 448.501112028383
1892260.15168373 448.358151950624
1892303.74549309 448.271049144785
1892347.35784671 448.148257282144
1892390.97951583 448.07391845051
1892434.61739424 448.01836453722
1892478.27176907 447.936134771907
1892521.92775301 447.805533545134
1892565.59329092 447.688198531018
1892609.26147645 447.551322130014
1892652.92810651 447.428077684357
1892696.6202621 447.355367567541
1892740.32883435 447.439864575975
1892784.04135651 447.305733540044
1892827.76364316 447.144731533777
1892871.47490937 446.984647974492
1892915.17427901 446.851918388129
1892958.87102876 446.731271500166
1893002.55488926 446.6581777928
1893046.24043286 446.589107251364
1893089.93572999 446.499097743558
1893133.62936297 446.357209721821
1893177.3255419 446.203735220158
1893221.01507473 446.185905986388
1893264.68634937 446.056626216892
1893308.35123094 445.948738212096
1893351.99941278 445.818638252758
1893395.63379344 445.795349855851
1893439.2688119 445.710597794483
1893482.89425401 445.572678608527
1893526.51865661 445.418627055423
1893570.14632958 445.39091908929
1893613.76848257 445.227496083684
1893657.40083982 445.164399223844
1893701.0438811 445.170000878442
1893744.69282528 445.042024633429
1893788.36207404 445.053846204778
1893832.03810495 444.914327623147
1893875.71005048 444.822613559543
1893919.39541708 444.744926688567
1893963.09089902 444.657458486965
1894006.79980538 444.491068050006
1894050.53340004 444.487701740087
1894094.27782016 444.331834482359
1894138.03372024 444.311520595839
1894181.79690069 444.2638884105
1894225.55315401 444.137821181871
1894269.31442466 444.107066499547
1894313.07529829 444.032703053675
1894356.8229876 443.945719462104
1894400.57003513 443.903855709578
1894444.3054947 443.86608320728
1894488.02994058 443.720234703129
1894531.75644376 443.640120760359
1894575.47306166 443.555412691353
1894619.1836158 443.519350823544
1894662.89520934 443.430877868555
1894706.59642813 443.287884319951
1894750.29630779 443.20183024733
1894793.99445257 443.123425177311
1894837.67863438 442.917640401454
1894881.36384527 442.829939223447
1894925.04083706 442.743368212112
1894968.70109262 442.720432630891
1895012.36255535 442.599284133049
1895056.01486385 442.440955236856
1895099.65801102 442.422449274107
1895143.30585966 442.294197739891
1895186.9502488 442.22709679126
1895230.59909519 442.050288615897
1895274.25706637 442.051835701265
1895317.90849389 442.108798918862
1895361.56323859 441.944921399705
1895405.21857779 441.842804671619
1895448.86674636 441.7576466648
1895492.52581921 441.65186948673
1895536.18824032 441.534923571662
1895579.84669438 441.42875429245
1895623.51432336 441.316664740149
1895667.17905278 441.16482778597
1895710.84091215 441.079451810966
1895754.50626173 441.00876793691
1895798.16580429 440.878578698969
1895841.83610699 440.760786459584
1895885.5198056 440.636247704209
1895929.19581225 440.608250321911
1895972.87064494 440.460370245095
1896016.5420587 440.262425655779
1896060.20841635 440.166559902321
1896103.89108186 440.026812894759
1896147.58100321 439.776376118706
1896191.28249489 439.578507281417
1896235.0080268 439.593431441391
1896278.73923189 439.439895795041
1896322.46974935 439.238308423903
1896366.20009544 439.184496131839
1896409.91517641 439.118737147383
1896453.62398277 438.924709205701
1896497.32812564 438.84239491984
1896541.02212845 438.722773273002
1896584.72727352 438.61500926395
1896628.44244598 438.470682149325
1896672.15797588 438.322176547616
1896715.87252955 438.188126284881
1896759.57083534 438.046543863018
1896803.25052862 437.941031889053
1896846.91878575 437.8230101752
1896890.56286047 437.692947704367
1896934.19604702 437.54343681481
1896977.83046045 437.433769380358
1897021.4606947 437.238235989795
1897065.10740458 437.072645550308
1897108.76489528 436.99576874212
1897152.42610616 436.780812751157
1897196.11340711 436.581507813076
1897239.80922804 436.452869100646
1897283.50595392 436.299127514509
1897327.21407986 436.172646985817
1897370.91507374 435.958411010242
1897414.60778099 435.834337924337
1897458.30193833 435.450798950377
1897501.99413253 435.215755296052
1897545.70044283 435.168421364565
1897589.42298286 435.00230865166
1897633.14644789 434.730025358799
1897676.87720844 434.630350013424
1897720.60835535 434.364978958505
1897764.33332798 434.103333262528
1897808.0653457 433.948312125869
1897851.79572268 433.806517095068
1897895.51634602 433.639282001343
1897939.23380187 433.471046510133
1897982.94262448 433.290146165196
1898026.65673426 433.124047954602
1898070.37837253 432.921594803606
1898114.08772715 432.688788887587
1898157.78676377 432.492918914682
1898201.46561107 432.367965031267
1898245.11157678 432.217568531655
1898288.74473638 432.024429221245
1898332.36587507 431.794549283712
1898375.97501749 431.636991875141
1898419.5888558 431.504887691054
1898463.19857655 431.319289787889
1898506.80738219 431.091853006369
1898550.42477373 431.027445188597
1898594.04434255 430.806341134007
1898637.68517145 430.614279346787
1898681.34553801 430.457554572818
1898725.01301562 430.31827792859
1898768.70164815 430.194897015831
1898812.39796794 430.101976866249
1898856.08878089 429.901469984412
1898899.79153196 429.719657526939
1898943.49569242 429.551395865479
1898987.20374211 429.317414428522
1899030.92884931 429.159054867965
1899074.65143629 429.025161412914
1899118.3698085 428.835992353891
1899162.08679132 428.601952626029
1899205.79089815 428.436791812903
1899249.49639919 428.329341773886
1899293.20407912 428.008757980026
1899336.90254102 427.835477625014
1899380.60996961 427.640819506258
1899424.32104757 427.440507676976
1899468.03099186 427.20484078959
1899511.75464648 426.946592468455
1899555.4820902 426.719918753632
1899599.21102659 426.558749566979
1899642.95047652 426.349224715467
1899686.68589731 426.006073572048
1899730.42119266 425.899691430259
1899774.15757224 425.684313709179
1899817.8777433 425.392817481902
1899861.58723592 425.141186587931
1899905.28351172 424.902497307179
1899948.95675493 424.733736764837
1899992.61836145 424.48971153023
1900036.25306048 424.10251345771
1900079.85953537 424.065858368976
1900123.46275224 423.814524148419
1900167.06097407 423.454129755803
1900210.66749022 423.298943285252
1900254.29256439 423.096143284423
1900297.91612176 422.830352338379
1900341.54730216 422.681080249546
1900385.18517099 422.603580051943
1900428.81815931 422.308792587853
1900472.46238579 422.044435567713
1900516.1099261 421.904085328089
1900559.75268662 421.771855067173
1900603.40622964 421.576406946245
1900647.06091925 421.373696405227
1900690.71745431 421.078188923425
1900734.38923694 420.938000558893
1900778.0627879 420.797847918047
1900821.73879528 420.463341762701
1900865.42068601 420.358966074845
1900909.09403937 420.075848268676
1900952.77083556 419.793308761641
1900996.45214579 419.548953253001
1901040.12978833 419.354574520819
1901083.82247394 419.053618558936
1901127.52284435 418.719944526435
1901171.2279984 418.539384699947
1901214.94981273 418.285339335701
1901258.67274919 418.073076489422
1901302.39680891 417.844630407388
1901346.13181125 417.654128989979
1901389.87030861 417.487668051063
1901433.62218588 417.137959546813
1901477.38910071 416.867418983136
1901521.15599012 416.655732793124
1901564.92888813 416.531880524858
1901608.69973799 416.227326530228
1901652.45786122 415.973047532122
1901696.21798467 415.842977220545
1901739.96683043 415.774161695409
1901783.69629647 415.446966859021
1901827.41845452 415.1930838941
1901871.12143388 414.953824164944
1901914.80756525 414.84887201371
1901958.48391421 414.616491667076
1902002.13914212 414.382293088095
1902045.78688665 414.14727188394
1902089.43450542 414.017672871389
1902133.07948893 413.801840532612
1902176.73827357 413.53011508646
1902220.39802598 413.331605740649
1902264.04772796 413.206730477595
1902307.69827565 413.019221855414
1902351.33761859 412.798678073703
1902394.96733458 412.69722010249
1902438.60009506 412.441654878591
1902482.2330677 412.166378722606
1902525.87175277 412.028981900135
1902569.51380745 411.829892531599
1902613.14461859 411.570951168809
1902656.77529855 411.412782163265
1902700.39952402 411.312127159596
1902744.0047891 411.138872410316
1902787.6071962 410.923749709063
1902831.19771131 410.751130885364
1902874.77801992 410.54149882736
1902918.36364174 410.302576674757
1902961.94162832 410.173521993428
1903005.51767857 410.021707746939
1903049.10405915 409.87537645224
1903092.70047457 409.730109031329
1903136.33514156 409.604981351937
1903180.00574834 409.440219759363
1903223.68611555 409.231974379198
1903267.38857101 409.094803908963
1903311.10342743 408.936769086529
1903354.81368929 408.828542914102
1903398.5309041 408.694337638217
1903442.24927237 408.577600125272
1903485.96993025 408.418407348748
1903529.70074031 408.327158786896
1903573.42766538 408.142860268069
1903617.14991674 407.969802884983
1903660.86888692 407.863619976795
1903704.57475036 407.7111407056
1903748.28379405 407.54150240605
1903791.99906862 407.409230572969
1903835.7063563 407.374249035284
1903879.41382326 407.183340243281
1903923.10554323 406.981808831345
1903966.77420971 406.866276028513
1904010.4430441 406.687476718284
1904054.10877998 406.565689417324
1904097.77379178 406.459875143088
1904141.44950407 406.300585768984
1904185.12493995 406.15034614763
1904228.81133072 406.011090123814
1904272.51930873 405.881877353757
1904316.2409045 405.729524901863
1904359.98608633 405.614855790852
1904403.7427418 405.533167596341
1904447.49582289 405.377713547901
1904491.25959031 405.18277406164
1904535.02734807 405.140120322669
1904578.79975442 405.043201658906
1904622.58988059 404.877228011498
1904666.38350499 404.667257930521
1904710.17230143 404.594555039235
1904753.95288284 404.551301600154
1904797.71024428 404.47254034908
1904841.45439408 404.345351349264
1904885.18517921 404.16590438371
1904928.89245264 404.038885415645
1904972.59288913 403.963742115745
1905016.27965527 403.761144830268
1905059.94936655 403.706626109449
1905103.62051332 403.617963387641
1905147.2850515 403.470514742993
1905190.95016967 403.264570722111
1905234.62585009 403.133708674453
1905278.29792282 403.096064526272
1905321.97020559 403.012663279783
1905365.64497795 402.734522108905
1905409.31192764 402.696123634152
1905452.98868668 402.535999250009
1905496.67524723 402.391556122851
1905540.36165851 402.239113218358
1905584.06292416 402.105658326001
1905627.76132756 401.984184197195
1905671.45065039 401.856813308513
1905715.14655909 401.791110000186
1905758.84129466 401.668825978029
1905802.53935618 401.539329801168
1905846.24124971 401.373408690475
1905889.93758505 401.17373509886
1905933.63911499 401.13557999087
1905977.34240392 401.073572917144
1906021.03133315 400.853911873131
1906064.71726446 400.737782747795
1906108.3936209 400.628412961927
1906152.05328223 400.501786433629
1906195.71577773 400.330507846678
1906239.37088591 400.197075176009
1906283.01998079 400.151568357097
1906326.67911221 400.062591524284
1906370.33308194 399.872596439031
1906413.98800876 399.78930319648
1906457.65159872 399.744808030495
1906501.311048 399.5284830128
1906544.97393123 399.477337840039
1906588.63830057 399.427148507618
1906632.2912612 399.306515489495
1906675.94325356 399.16662612682
1906719.58667687 399.000340044096
1906763.22348712 398.977767030919
1906806.86694239 398.818703981806
1906850.50854758 398.624472407779
1906894.15238998 398.587287444822
1906937.80746215 398.544071267072
1906981.46243149 398.432421541627
1907025.12696558 398.289219289515
1907068.8042654 398.213124315554
1907112.47613033 398.105713045649
1907156.15341718 397.957702843023
1907199.83045619 398.004378043089
1907243.50057275 397.876091696206
1907287.18575309 397.719348853431
1907330.87549457 397.690023229603
1907374.56556746 397.618099452681
1907418.26627502 397.500230886397
1907461.96643774 397.375236026104
1907505.67039927 397.229690830697
1907549.38146778 397.174086457761
1907593.08533935 397.103206312054
1907636.79568605 396.946097092565
1907680.51463034 396.93475722405
1907724.2282853 396.875393396664
1907767.95534282 396.766140874421
1907811.68971307 396.613283687094
1907855.42406757 396.569046600224
1907899.16719659 396.519183871888
1907942.90481084 396.427198549484
1907986.63608615 396.272647649581
1908030.37317809 396.204294101146
1908074.10385551 396.139927438167
1908117.83285002 396.058310958342
1908161.56477424 395.921167280493
1908205.29235298 395.854833367323
1908249.02858332 395.845774016985
1908292.7672895 395.773987026316
1908336.49541226 395.646288351766
1908380.2272128 395.582999279382
1908423.95068044 395.524427537349
1908467.66023504 395.385604023052
1908511.36880394 395.328959705901
1908555.0664066 395.285633259186
1908598.75232824 395.241645693553
1908642.43182238 395.057773777442
1908686.0932268 395.004374193926
1908729.74542961 394.983021809664
1908773.39438725 394.907790503835
1908817.02875569 394.681874845675
1908860.66295724 394.611225426921
1908904.30010115 394.638602885673
1908947.93151522 394.533947969497
1908991.5644587 394.408629754057
1909035.17768793 394.395490073092
1909078.77981855 394.43549927892
1909122.39605691 394.280663661032
1909166.02157986 394.144224235922
1909209.66351501 394.163776946204
1909253.32601552 394.04191814821
1909296.99364635 393.963724433676
1909340.66651653 393.992272762015
1909384.33962983 393.932163805616
1909428.01232611 393.804377784615
1909471.70927838 393.712390276904
1909515.42392276 393.688027661478
1909559.14850823 393.675775290377
1909602.88685325 393.522959623813
1909646.62475551 393.56282050295
1909690.36094843 393.577921138192
1909734.1014881 393.464556494043
1909777.83550882 393.30042292079
1909821.5696223 393.28481236819
1909865.30936671 393.337380998891
1909909.03823648 393.2421416559
1909952.76725613 393.077446295666
1909996.49468892 393.012995473996
1910040.20987847 393.074867222095
1910083.9316369 393.073625843392
1910127.65323354 392.840585163458
1910171.37179096 392.816084253421
1910215.09619106 392.85135282795
1910258.80717964 392.887525888597
1910302.50325708 392.678528241599
1910346.19489741 392.703135632212
1910389.87584699 392.746584778629
1910433.56245836 392.685408297289
1910477.25787515 392.534465586062
1910520.94872851 392.51558549165
1910564.64834416 392.545598270729
1910608.34991548 392.419196101703
1910652.04944532 392.332464781709
1910695.76769718 392.352060343219
1910739.49512904 392.354299459018
1910783.23129403 392.268387964234
1910826.98636114 392.159797519901
1910870.74546796 392.231709174228
1910914.50813539 392.276838255724
1910958.2763758 392.134195608673
1911002.03564229 392.062090467554
1911045.79629272 392.122531645117
1911089.55570016 392.200950669125
1911133.30263725 392.0943203411
1911177.05440966 392.055699847521
1911220.80503904 392.065828412653
1911264.54809888 392.137612383317
1911308.29215377 392.058045846515
1911352.02165284 391.939190076841
1911395.7340805 391.923672607154
1911439.4395121 392.046452352974
1911483.12836022 391.905276285816
1911526.813485 391.898195704002
1911570.49792572 391.973122965661
1911614.16946786 391.995680006177
1911657.83883764 391.844489362415
1911701.50099607 391.844138873961
1911745.14637263 391.924589083791
1911788.79245013 391.795015668716
1911832.4357928 391.702284742115
1911876.07929968 391.780998994987
1911919.74099455 391.858972129139
1911963.41447995 391.791177720809
1912007.10133496 391.794068985884
1912050.80058987 391.796057357411
1912094.49786177 391.823293744905
1912138.19899021 391.691330796723
1912181.90611818 391.689568826203
1912225.61588497 391.732977302135
1912269.33972118 391.76030736398
1912313.05783448 391.608439850149
1912356.76294551 391.683265352395
1912400.47110812 391.819568355846
1912444.17827241 391.763128476691
1912487.88149809 391.658769128754
1912531.58712711 391.734456619798
1912575.28428834 391.833087298479
1912618.98733331 391.697110396793
1912662.69980962 391.657114005342
1912706.39577985 391.656154507626
1912750.09066368 391.670238894138
1912793.78444311 391.638191501231
1912837.47532166 391.620184322145
1912881.1749431 391.713872569287
1912924.86582849 391.789382471558
1912968.5503342 391.623291339817
1913012.2405455 391.681323061244
1913055.92047608 391.774318599832
1913099.59198779 391.764176660614
1913143.26740132 391.706401315581
1913186.93306627 391.741052794033
1913230.59810454 391.802745333447
1913274.27604191 391.724051430502
1913317.95197708 391.736948293926
1913361.63538685 391.778619603401
1913405.31780221 391.835558143023
1913448.98587859 391.740966697714
1913492.65908433 391.717178038786
1913536.34090132 391.802646076743
1913580.03360806 391.822921203323
1913623.74014389 391.678135707303
1913667.44883199 391.777730494429
1913711.16277608 391.824270108829
1913754.88803644 391.843907465963
1913798.61301154 391.724533176146
1913842.3447927 391.748720727191
1913886.07961153 391.852822041296
1913929.80548936 391.826812784214
1913973.54549279 391.773166666764
1914017.29206162 391.800362134329
1914061.03264112 391.864717162163
1914104.77307032 391.822324928895
1914148.49853427 391.792698865312
1914192.21393773 391.853673132612
1914235.9279466 391.929780273821
1914279.63038524 391.852307034117
1914323.33195274 391.795137359201
1914367.03056903 391.860881330817
1914410.70781296 391.896705773798
1914454.37245603 391.77836627291
1914498.0196165 391.79823086686
1914541.64577564 391.817563091135
1914585.27216756 391.794097266201
1914628.89220352 391.726290519661
1914672.50632845 391.743652141772
1914716.1306204 391.838187263546
1914759.75936012 391.735773843402
1914803.40370733 391.715667851767
1914847.0594186 391.774926519945
1914890.70624493 391.741180995892
1914934.35156541 391.617636987202
1914977.9930603 391.620810264885
1915021.61947157 391.728456806871
1915065.25292958 391.573269772909
1915108.89295147 391.592469569778
1915152.54294121 391.679739797006
1915196.21901912 391.714958080802
1915239.90603457 391.551798777281
1915283.60040604 391.584511621036
1915327.30732978 391.676777226996
1915371.00833272 391.706127984528
1915414.70962117 391.632641405306
1915458.41673009 391.651519199121
1915502.11985994 391.71687563381
1915545.83040186 391.672263518254
1915589.54949462 391.593346991309
1915633.26668363 391.682165534783
1915676.9981767 391.751098722306
1915720.7303472 391.631147328985
1915764.45574501 391.606092106728
1915808.17867512 391.674772383253
1915851.86922241 391.707482196085
1915895.50611574 391.62526831992
1915939.07078636 391.631507955418
1915982.52267139 391.711023290444
1916025.88548538 391.584721083872
1916069.25147011 391.562866254508
1916112.35842684 391.526237346452
1916155.14399678 391.348706044562
1916197.60778719 391.389783947461
1916239.73585267 391.339140800632
1916281.53906572 391.278960786356
1916323.00942236 391.17584367377
1916364.13884175 391.073108532703
1916404.91999222 390.99556544202
1916445.34014867 390.857917837106
1916485.39876853 390.798965086165
1916524.98288524 390.644352883329
1916563.95087213 390.448520505449
1916602.31503922 390.348333643649
1916640.07701071 390.251051648929
1916677.22396568 390.019818959466
1916713.76993677 389.838337558948
1916749.64168279 389.623773469935
1916784.76839362 389.370034965486
1916819.16055502 389.161630350921
1916852.96323865 388.945314910754
1916887.04714301 388.785906891795
