1861804.42823747 -475.527374306366
1861840.08711889 -475.418724870075
1861874.67863858 -475.309453042355
1861909.19555236 -475.199648032205
1861943.7642462 -475.089361892387
1861978.33782246 -474.978707475124
1862012.88318896 -474.867695163686
1862047.44187472 -474.756336494139
1862082.03347749 -474.644637245632
1862116.6394218 -474.532594102523
1862151.30314645 -474.420191759651
1862186.05131418 -474.30741323641
1862220.91844716 -474.194263750722
1862255.98328088 -474.080786848455
1862291.26707033 -473.967036552391
1862326.80273323 -473.853015974653
1862362.67387732 -473.738724742674
1862398.9422235 -473.624153646096
1862435.81986103 -473.509272281633
1862473.1910258 -473.394052134724
1862510.94296556 -473.278480273375
1862549.14999889 -473.162556374634
1862587.86408865 -473.046264574892
1862627.09460225 -472.929530794724
1862666.87124687 -472.812140484938
1862707.25866426 -472.694046715352
1862748.31630276 -472.575217569272
1862790.02766674 -472.455655623062
1862832.39057292 -472.335381168344
1862875.23091275 -472.214391664802
1862918.28485793 -472.092693037009
1862961.53163827 -471.97026966149
1863004.96812223 -471.847136581527
1863048.61120768 -471.72330694576
1863092.44434773 -471.59879883041
1863136.45539362 -471.473463838775
1863180.64280842 -471.34722568339
1863224.98323015 -471.220070593051
1863269.48813294 -471.092005099459
1863314.00381077 -470.96295253145
1863358.21947298 -470.832895140905
1863402.30663393 -470.701838769533
1863446.28281054 -470.569774749371
1863490.14163165 -470.436695291942
1863533.93738812 -470.302601962349
1863577.70935227 -470.167507563922
1863621.46748707 -470.031589773693
1863665.22280406 -469.894935813672
1863708.95666053 -469.757597547589
1863752.66716943 -469.6195819959
1863796.32388954 -469.480954758492
1863839.88491993 -469.341813399643
1863883.38710633 -469.202245421506
1863926.84907356 -469.062314472688
1863970.26780645 -468.922130423715
1864013.65307546 -468.781734097648
1864056.99856109 -468.64110965262
1864100.29571082 -468.500240259699
1864143.57428889 -468.359104506051
1864186.84000634 -468.217700176306
1864230.11139853 -468.076033103678
1864273.42173916 -467.934114340319
1864316.76219512 -467.791876929216
1864360.13421364 -467.649177176175
1864403.55061783 -467.505997732101
1864447.00633492 -467.362334025024
1864490.52187556 -467.218115182076
1864534.09414027 -467.073247543748
1864577.67176431 -466.927744138347
1864621.24724243 -466.781651848774
1864664.80222524 -466.634990182229
1864708.32577727 -466.487768502362
1864751.84788564 -466.339994260759
1864795.37253082 -466.191677538766
1864838.90313189 -466.04282041597
1864882.45182741 -465.893448799227
1864926.00717828 -465.743593897571
1864969.57584607 -465.593265361182
1865013.16263894 -465.442469755971
1865056.77302902 -465.291211536848
1865100.42922275 -465.139499130916
1865144.11994899 -464.987342144536
1865187.8117563 -464.834743428844
1865231.5072644 -464.681723137266
1865275.19663735 -464.528323166075
1865318.87475224 -464.374552449409
1865362.55863458 -464.220419070039
1865406.2433461 -464.065925868421
1865449.92642244 -463.911076713306
1865493.61145101 -463.755900136221
1865537.28398731 -463.600406003301
1865580.95034887 -463.444601555492
1865624.61237274 -463.288491935626
1865668.25490554 -463.132083532894
1865711.88524942 -462.975385620923
1865755.5052019 -462.818402210787
1865799.10853046 -462.661139509636
1865842.71336087 -462.503601162398
1865886.31688493 -462.345790970203
1865929.92646974 -462.187713569022
1865973.56821887 -462.029376726277
1866017.23875167 -461.870785114736
1866060.93259607 -461.711909310988
1866104.64624746 -461.553045798749
1866148.35800977 -461.39506860827
1866192.07030011 -461.237148056967
1866235.78324366 -461.0789283714
1866279.48244248 -460.920441550772
1866323.17742254 -460.761672151318
1866366.86321794 -460.602594590573
1866410.53642999 -460.443203129322
1866454.21638386 -460.283501177451
1866497.89154879 -460.123484644463
1866541.55746096 -459.963317871271
1866585.21636053 -459.803422242198
1866628.85385411 -459.644247753273
1866672.48294388 -459.485776028828
1866716.10959979 -459.32745301474
1866759.72403647 -459.168740342168
1866803.33905017 -459.009671408597
1866846.95530331 -458.850393654565
1866890.56668592 -458.691288960836
1866934.1905951 -458.532382664965
1866977.81986675 -458.373692581526
1867021.45121813 -458.215091797934
1867065.09868214 -458.056161593897
1867108.74962432 -457.896888690488
1867152.40070933 -457.737373181248
1867196.05412539 -457.577749186857
1867239.6943282 -457.418238768943
1867283.33078704 -457.25905892287
1867326.97341432 -457.100489251342
1867370.61375935 -456.942678961752
1867414.26657907 -456.785459935968
1867457.92663737 -456.628000800006
1867501.58159181 -456.47033573265
1867545.24705602 -456.312494155524
1867588.91267096 -456.154599567333
1867632.57330328 -455.996873154365
1867676.23955683 -455.839460395068
1867719.89569664 -455.682415563918
1867763.54363205 -455.525739348902
1867807.19190569 -455.238701410549
1867850.83185514 -454.952389268603
1867894.47724436 -454.666782946938
1867938.13603124 -454.381863234
1867981.80024291 -454.098034293839
1868025.48071019 -453.815302016815
1868069.1663622 -453.533366041006
1868112.85263714 -453.251813714883
1868156.55134722 -452.970485729367
1868200.2456342 -452.689401954202
1868243.93575651 -452.408326066859
1868287.62931331 -452.126732508325
1868331.30942261 -451.844670468143
1868374.98755664 -451.562204995117
1868418.6687525 -451.279721434857
1868462.33733205 -450.997328925265
1868506.00952033 -450.71496955749
1868549.68271511 -450.432703203528
1868593.34229173 -450.149901548279
1868637.0105671 -449.866190099447
1868680.67976209 -449.581635306518
1868724.34112029 -449.296763858048
1868768.0057703 -449.012163792415
1868811.6573725 -448.72790284667
1868855.29651489 -448.443945916564
1868898.93320669 -448.160150911617
1868942.55788888 -447.876177781113
1868986.17497758 -447.591872230192
1869029.79113205 -447.306933891333
1869073.39262988 -447.020996431217
1869116.98775925 -446.734124484552
1869160.57010134 -446.446448475272
1869204.1337084 -446.158149705176
1869247.70243385 -445.869295569547
1869291.27694199 -445.579906751944
1869334.86432873 -445.289976865366
1869378.47817537 -444.999470304353
1869422.09607139 -444.708372990104
1869465.71192282 -444.416711740468
1869509.3247901 -444.12456643616
1869552.92640634 -443.83256282367
1869596.5359173 -443.541589413329
1869640.15959146 -443.25048444353
1869683.79391629 -442.958814743338
1869727.4572534 -442.666605844474
1869771.1383641 -442.373774188667
1869814.82604043 -442.080303670327
1869858.52475442 -441.786488464729
1869902.21764452 -441.492707809443
1869945.90738271 -441.199058662167
1869989.60219779 -440.905908769519
1870033.28784432 -440.613527362056
1870076.96938128 -440.321983265513
1870120.64833014 -440.030992297005
1870164.31763162 -439.740182552623
1870207.99047588 -439.449704857949
1870251.66328596 -439.159713926631
1870295.32012593 -438.870340133165
1870338.96948358 -438.581672688072
1870382.61058029 -438.293782605152
1870426.23953074 -438.006657213178
1870469.86630429 -437.720135075545
1870513.48610455 -437.434191398472
1870557.10885007 -437.148964746306
1870600.7460885 -436.864466420091
1870644.38440919 -436.580749455254
1870688.02763579 -436.297819330976
1870731.67129231 -436.015713936147
1870775.30477336 -435.734397404652
1870818.94756012 -435.453623820042
1870862.59718353 -435.173370389455
1870906.25117941 -434.893883225723
1870949.92325486 -434.615262473455
1870993.60090568 -434.337811276621
1871037.28673761 -434.061657884666
1871080.97831482 -433.786914311894
1871124.65382976 -433.513387590536
1871168.312646 -433.240675408462
1871211.95965652 -432.968782351498
1871255.58983111 -432.697523346414
1871299.22417136 -432.426638887444
1871342.86662989 -432.155606070354
1871386.50534831 -431.884352260594
1871430.14955671 -431.612922088363
1871473.79358876 -431.341311461732
1871517.43698461 -431.069387438968
1871561.09640115 -430.796832727591
1871604.76299556 -430.523595101411
1871648.4472417 -430.249638474268
1871692.15558952 -429.974984396138
1871735.87234331 -429.699697631461
1871779.60495309 -429.423819383768
1871823.35058402 -429.147435362498
1871867.09460218 -428.870578995885
1871910.84372789 -428.59324915215
1871954.5934316 -428.31524716004
1871998.32278026 -428.03664738272
1872042.03959593 -427.75769509867
1872085.73321194 -427.478448619098
1872129.40236729 -427.199019107848
1872173.05978254 -426.919467477664
1872216.69713696 -426.639907037368
1872260.32586404 -426.360355359759
1872303.95582601 -426.080781728624
1872347.57406788 -425.800990837262
1872391.19466281 -425.520926683633
1872434.81768833 -425.240541314763
1872478.43577705 -424.96019450203
1872522.06483461 -424.680177353892
1872565.70437827 -424.40041636464
1872609.35896289 -424.120748951622
1872653.03685713 -423.841194419109
1872696.71718344 -423.56177219802
1872740.39931705 -423.282933023979
1872784.09329056 -423.005569487722
1872827.78977849 -422.729607658455
1872871.4965214 -422.454706051685
1872915.21470741 -422.180626096663
1872958.93180794 -421.907138514849
1873002.65005021 -421.634268630408
1873046.35348537 -421.361994370415
1873090.0344322 -421.090303022678
1873133.71540952 -420.81920529622
1873177.39278871 -420.548691156287
1873221.06931667 -420.278732842272
1873264.75696593 -420.009315405495
1873308.43690752 -419.740384940614
1873352.10088264 -419.471838347736
1873395.75464608 -419.203672110818
1873439.39395257 -418.935853185791
1873483.03389622 -418.668372022969
1873526.68195149 -418.401319486481
1873570.32331188 -418.134680534471
1873613.96493749 -417.868434370715
1873657.60440183 -417.602541009662
1873701.24449579 -417.33704576708
1873744.90077749 -417.071948631652
1873788.56484123 -416.807229967212
1873832.2318663 -416.542916002891
1873875.9074417 -416.279054038283
1873919.57904503 -416.015644317894
1873963.25367938 -415.752657444834
1874006.94031511 -415.490423362383
1874050.63646952 -415.228873017349
1874094.34846584 -414.967971295484
1874138.06138967 -414.707617777723
1874181.75276586 -414.447814179788
1874225.42945437 -414.18855879373
1874269.07848043 -413.929856066051
1874312.70305903 -413.671718935413
1874356.329521 -413.414169012126
1874399.94557105 -413.157229052064
1874443.55612172 -412.900889190259
1874487.16978636 -412.645103582921
1874530.77141627 -412.389822172544
1874574.37153393 -412.135048353565
1874617.96691516 -411.880792159331
1874661.54505042 -411.627074470973
1874705.12370118 -411.373940830226
1874748.69936193 -411.121431603514
1874792.26604542 -410.869572796513
1874835.84044923 -410.618381576124
1874879.41065255 -410.367889498686
1874922.97809984 -410.118193183689
1874966.55827583 -409.86955301983
1875010.1515496 -409.622043984979
1875053.7672939 -409.375722780923
1875097.40834167 -409.130602184637
1875141.05386192 -408.886676503507
1875184.71299237 -408.643968376697
1875228.38799579 -408.402488406428
1875272.07530176 -408.162271547585
1875315.78422046 -407.923318920375
1875359.49646652 -407.685630221627
1875403.20018783 -407.449198939391
1875446.90401412 -407.214226271957
1875490.60213762 -406.980825553557
1875534.30315981 -406.74903536631
1875578.01757729 -406.518867820932
1875621.73684625 -406.290438927743
1875665.46367688 -406.063789435084
1875709.18983461 -405.838935100185
1875752.90164042 -405.615909651248
1875796.61984337 -405.394743911248
1875840.33859973 -405.175453668534
1875884.04396632 -404.958039404945
1875927.74937753 -404.742286224874
1875971.44632758 -404.528095948139
1876015.12938231 -404.315411252
1876058.81250453 -404.104234993952
1876102.48502206 -403.894495976307
1876146.15351124 -403.686075155229
1876189.82489148 -403.478860933119
1876233.48837106 -403.272812126978
1876277.15437259 -403.067814603641
1876320.814783 -402.863824268594
1876364.45323695 -402.660871819473
1876408.08637193 -402.458976223476
1876451.71476696 -402.258169377369
1876495.33735223 -402.058465919432
1876538.97497131 -401.859866894408
1876582.61451162 -401.662361440254
1876626.25612295 -401.466049416184
1876669.90316926 -401.271131988609
1876713.538162 -401.0776411165
1876757.16314278 -400.885586588274
1876800.78374897 -400.694913712738
1876844.392779 -400.505712344967
1876888.00670692 -400.318025396478
1876931.62687218 -400.131816333648
1876975.24473136 -399.947060429308
1877018.88000727 -399.763690038617
1877062.52288725 -399.58170792839
1877106.16690784 -399.401106255739
1877149.82457892 -399.221902061042
1877193.48507687 -399.044076088926
1877237.14915004 -398.867602417038
1877280.8239039 -398.692482037079
1877324.50012714 -398.518736430246
1877368.1833983 -398.346383882721
1877411.87363219 -398.175430276858
1877455.55952015 -398.00588303888
1877499.25075215 -397.837753922173
1877542.9436932 -397.671025694495
1877586.63198674 -397.505644924725
1877630.33009095 -397.341611031069
1877674.02555318 -397.178920116517
1877717.72049366 -397.017563874818
1877761.43025435 -396.857533993267
1877805.14136419 -396.69877430697
1877848.86093854 -396.541315036166
1877892.59638615 -396.385182115374
1877936.33425717 -396.230378338967
1877980.07973955 -396.07690761113
1878023.82428051 -395.924763641911
1878067.55068147 -395.773945185106
1878111.27309911 -395.624449651711
1878154.99132859 -395.476281425689
1878198.70033463 -395.329443379795
1878242.4170082 -395.183936286081
1878286.12880948 -395.039756817128
1878329.8300427 -394.896910031896
1878373.52546548 -394.755428682279
1878417.19921901 -394.615057788078
1878460.85449233 -394.475039025698
1878504.49795298 -394.336089893709
1878548.12652175 -394.198536749236
1878591.75828755 -394.062390120554
1878635.39094785 -393.927693103342
1878679.01218482 -393.794503001916
1878722.63612576 -393.662837343391
1878766.24995564 -393.532700788739
1878809.84932379 -393.404096974534
1878853.44847885 -393.276879515886
1878897.03779223 -393.150674993179
1878940.62937017 -393.025094813182
1878984.2401613 -392.900162536982
1879027.8616938 -392.776383508205
1879071.50145457 -392.654254450453
1879115.15934453 -392.533744523325
1879158.8184243 -392.414713981835
1879202.4893316 -392.296803803854
1879246.16609101 -392.17998774979
1879289.83916734 -392.064247374368
1879333.52189385 -391.949697978168
1879377.20678839 -391.836733422733
1879420.89283197 -391.725372248515
1879464.58690627 -391.615486777986
1879508.27807433 -391.506927106497
1879551.97289789 -391.399475300327
1879595.67662559 -391.292909694935
1879639.37660123 -391.18694566076
1879683.08985576 -391.081277557636
1879726.8128961 -390.976001016635
1879770.53137093 -390.871944264618
1879814.26318298 -390.769004254945
1879857.99787139 -390.667120385009
1879901.72606937 -390.566208738063
1879945.46081482 -390.466047681679
1879989.1913528 -390.366688170025
1880032.91491648 -390.268255320693
1880076.6339323 -390.170722307933
1880120.32964581 -390.073987147026
1880164.00577008 -389.978035050982
1880207.66654021 -389.882904709377
1880251.30197676 -389.788593493888
1880294.92936268 -389.69498959972
1880338.53944353 -389.602160422944
1880382.12543701 -389.510223141327
1880425.70461207 -389.419297948179
1880469.26655907 -389.329426148841
1880512.81072028 -389.240601049852
1880556.3532371 -389.152905158807
1880599.88750841 -389.066533878633
1880643.42453217 -388.981362879847
1880686.97499101 -388.897358831766
1880730.53171374 -388.81437118449
1880774.11103661 -388.732343681369
1880817.71409411 -388.651316054165
1880861.3279728 -388.571165690262
1880904.96953357 -388.491946707322
1880948.62950887 -388.413802875182
1880992.29503 -388.336717100459
1881035.97593536 -388.260494365318
1881079.66083592 -388.184917722809
1881123.34789922 -388.109958191812
1881167.03961478 -388.035635635267
1881210.72182773 -387.962225351394
1881254.40437421 -387.889898320933
1881298.09268599 -387.818706962623
1881341.77733597 -387.748769968725
1881385.47360841 -387.680076055076
1881429.1794338 -387.612533974811
1881472.88421743 -387.54608662127
1881516.6022315 -387.48065322115
1881560.32079142 -387.416198280618
1881604.03496539 -387.352740350623
1881647.75788026 -387.290366249852
1881691.47967937 -387.229176393416
1881735.20688917 -387.169176240872
1881778.95131886 -387.11037105475
1881822.70593694 -387.052729482377
1881866.48171697 -386.996008503827
1881910.28188992 -386.93986608109
1881954.08506918 -386.884783460743
1881997.88575405 -386.830950914349
1882041.66283491 -386.778394828727
1882085.39713484 -386.727203093751
1882129.10639704 -386.677381108477
1882172.78302957 -386.62880483403
1882216.43947191 -386.58125917277
1882260.10076944 -386.534697198159
1882303.75601893 -386.488962970784
1882347.40515221 -386.443943064633
1882391.04688242 -386.399569482172
1882434.6629166 -386.355860863332
1882478.26985331 -386.312838743252
1882521.87170971 -386.270277243604
1882565.46890731 -386.22807826658
1882609.08336505 -386.186183170357
1882652.70489354 -386.144590610317
1882696.3270132 -386.103259383879
1882739.96120718 -386.062184747932
1882783.59405149 -386.021637383705
1882827.22873212 -385.981811770622
1882870.87603529 -385.942662380494
1882914.52095418 -385.904144769132
1882958.16778429 -385.866170931018
1883001.81681638 -385.828746351815
1883045.45342958 -385.791800506406
1883089.08826512 -385.755241990831
1883132.7214406 -385.719166878592
1883176.350406 -385.68357250366
1883219.99547518 -385.648336879262
1883263.64815901 -385.613363496058
1883307.30865159 -385.578427453202
1883350.9808378 -385.54345863761
1883394.6509716 -385.508417005416
1883438.32295126 -385.473383126542
1883482.00099803 -385.438530893591
1883525.66897641 -385.403863768838
1883569.33115377 -385.369539372171
1883612.98778262 -385.335914366043
1883656.63388105 -385.303339499858
1883700.28828358 -385.271817151499
1883743.94116245 -385.241241535103
1883787.58618024 -385.211635618223
1883831.24021488 -385.183087007754
1883874.89293016 -385.155784264462
1883918.54605718 -385.129859114371
1883962.2118366 -385.105335962212
1884005.87713602 -385.082197947154
1884049.54846124 -385.060397208545
1884093.22867964 -385.039906422709
1884136.90666386 -385.020569737724
1884180.5950199 -385.002349408022
1884224.29118478 -384.985215689959
1884267.98619342 -384.969226483789
1884311.69808082 -384.954234926372
1884355.4164423 -384.940119585087
1884399.13406995 -384.926920473979
1884442.86380375 -384.914624425162
1884486.59763378 -384.90316122025
1884530.33320096 -384.892382284375
1884574.06608848 -384.882259598455
1884617.77928081 -384.872757631151
1884661.48595897 -384.863894711585
1884705.19085011 -384.855658474943
1884748.88480171 -384.848070396074
1884792.5819 -384.840961982631
1884836.27435887 -384.834184341071
1884879.95123148 -384.827786165402
1884923.6213167 -384.821819758576
1884967.2709925 -384.816263766828
1885010.90523746 -384.81114157833
1885054.54207873 -384.806272520864
1885098.17284432 -384.801352175554
1885141.80562525 -384.796481196729
1885185.43752228 -384.791786918913
1885229.04888189 -384.787344813092
1885272.65125223 -384.783228420353
1885316.24260198 -384.779303817381
1885359.81698062 -384.775594377952
1885403.40106358 -384.772113271708
1885446.99355136 -384.768887055096
1885490.58892895 -384.765948855561
1885534.20168626 -384.763348651877
1885577.82738862 -384.761108218669
1885621.47038728 -384.759325349971
1885665.1369827 -384.758126123668
1885708.81691176 -384.7573696069
1885752.51620327 -384.757097092081
1885796.23498614 -384.75726928138
1885839.95145649 -384.757670843877
1885883.66860106 -384.758305857316
1885927.37997283 -384.759200615984
1885971.07905244 -384.760381430725
1886014.78622048 -384.761712708625
1886058.49598403 -384.763169918155
1886102.20906831 -384.764761828436
1886145.93692979 -384.766439694191
1886189.66812028 -384.768160751972
1886233.40396201 -384.769927627874
1886277.14825973 -384.771761195659
1886320.88368847 -384.773686099463
1886364.61354219 -384.775677306849
1886408.33422388 -384.777756280855
1886452.0376423 -384.77998117524
1886495.74169495 -384.782361373707
1886539.43443346 -384.784913167964
1886583.10735339 -384.787642632434
1886626.773391 -384.790545015076
1886670.41941091 -384.793614943832
1886714.04791045 -384.796867707233
1886757.67482168 -384.800346235939
1886801.29235015 -384.804090128334
1886844.91183799 -384.808124298004
1886888.53671584 -384.812448440179
1886932.1512158 -384.817054071242
1886975.76638246 -384.821924942503
1887019.37901026 -384.827034950262
1887062.9795199 -384.83236280838
1887106.58641805 -384.837824055579
1887150.19236539 -384.843310206282
1887193.79313902 -384.848792781633
1887237.40254553 -384.85418966399
1887281.01127826 -384.859363440885
1887324.62433374 -384.864274495115
1887368.25137991 -384.868895754166
1887411.88179169 -384.873229150275
1887455.52228354 -384.877278625974
1887499.17329653 -384.881024240594
1887542.82287034 -384.884484797852
1887586.48394547 -384.887667980558
1887630.14845003 -384.890582199286
1887673.80781698 -384.893243365973
1887717.48199421 -384.89566856314
1887761.16423141 -384.897761391062
1887804.85420874 -384.899485921911
1887848.55250711 -384.900845668054
1887892.23541598 -384.901851412888
1887935.90560218 -384.902431614173
1887979.57154455 -384.902413711052
1888023.22191767 -384.90178226247
1888066.86968084 -384.900535990452
1888110.51506104 -384.898672331866
1888154.14624137 -384.896199574044
1888197.77943563 -384.893131449645
1888241.41393652 -384.88958205176
1888285.05313373 -384.88560342627
1888328.70875688 -384.881232378777
1888372.3739534 -384.876471721202
1888416.05548912 -384.871350008297
1888459.75866288 -384.865855617809
1888503.46812264 -384.859988903656
1888547.18781041 -384.853707422277
1888590.91626547 -384.84699850144
1888634.64229363 -384.839864610831
1888678.38809479 -384.832290997508
1888722.15250118 -384.824299953092
1888765.92409235 -384.815897238473
1888809.67561946 -384.807075758811
1888853.3925729 -384.797831586397
1888897.10257089 -384.78815422302
1888940.80540683 -384.777981296116
1888984.48725644 -384.767217961975
1889028.17057538 -384.755851184805
1889071.86687634 -384.743893151276
1889115.56459466 -384.731627779987
1889159.27486979 -384.719099960578
1889202.99713269 -384.706216192804
1889246.71455615 -384.692966536635
1889290.44150539 -384.67936823069
1889334.16315521 -384.665565029614
1889377.86862279 -384.651560503726
1889421.57114773 -384.637349748549
1889465.25935766 -384.62282749107
1889508.9389917 -384.607943601077
1889552.62358905 -384.592694920834
1889596.30951498 -384.577075453855
1889639.993239 -384.561033928263
1889683.66265451 -384.544530541878
1889727.30860863 -384.527552482151
1889770.95781784 -384.510092124208
1889814.62514915 -384.492156717948
1889858.28477424 -384.47373404812
1889901.93406938 -384.454837893913
1889945.56780988 -384.435426194122
1889989.19396393 -384.415463920376
1890032.8315077 -384.394969977932
1890076.47652103 -384.373942678326
1890120.13051405 -384.35241218085
1890163.79135105 -384.330306746401
1890207.43663758 -384.307549320402
1890251.08034874 -384.284130558109
1890294.72993443 -384.260024412878
1890338.37597026 -384.235224105179
1890382.03024412 -384.20973495333
1890425.68902872 -384.183562195176
1890469.34510524 -384.156702784764
1890513.01411042 -384.129147855476
1890556.68016765 -384.100894647169
1890600.33623742 -384.071934211705
1890643.99077304 -384.04225416241
1890687.63727424 -384.011853310596
1890731.28941522 -383.980729064266
1890774.96017714 -383.948869499855
1890818.63064307 -383.91627512485
1890862.30959046 -383.882916634039
1890905.9986012 -383.848724875706
1890949.69390356 -383.813664754881
1890993.413266 -383.777699544959
1891037.14361939 -383.740816182911
1891080.87454046 -383.703008409844
1891124.6148205 -383.664277796089
1891168.35325228 -383.624625788513
1891212.09239394 -383.584043043268
1891255.84139561 -383.542503395528
1891299.59130598 -383.499989085329
1891343.35239429 -383.45649294205
1891387.12395837 -383.412011557281
1891430.89145318 -383.366549357089
1891474.6627008 -383.320111040114
1891518.4288231 -383.272711757199
1891562.17741514 -383.224362310845
1891605.91391433 -383.175053666871
1891649.61719205 -383.124787386487
1891693.28964889 -383.073563012998
1891736.94850443 -383.021385495017
1891780.58774124 -382.968296639476
1891824.21804255 -382.914317395683
1891867.84790967 -382.859452461156
1891911.4658343 -382.803735614317
1891955.0786548 -382.747196591612
1891998.68447422 -382.6901468873
1892042.26987478 -382.632688864543
1892085.85192478 -382.574759671095
1892129.42673469 -382.516421174291
1892172.99201952 -382.457708035542
1892216.56858511 -382.398549346998
1892260.15168373 -382.338943392304
1892303.74549309 -382.278670053548
1892347.35784671 -382.217526904444
1892390.97951583 -382.155534629164
1892434.61739424 -382.092746591487
1892478.27176907 -382.029169115976
1892521.92775301 -381.964688006237
1892565.59329092 -381.89930013165
1892609.26147645 -381.832992143683
1892652.92810651 -381.765727064119
1892696.6202621 -381.69751589783
1892740.32883435 -381.628540233149
1892784.04135651 -381.55884577126
1892827.76364316 -381.488409687051
1892871.47490937 -381.417226224681
1892915.17427901 -381.34528448758
1892958.87102876 -381.27263051493
1893002.55488926 -381.199258655589
1893046.24043286 -381.125175733123
1893089.93572999 -381.050387267765
1893133.62936297 -380.974871724902
1893177.3255419 -380.898683176157
1893221.01507473 -380.821921293727
1893264.68634937 -380.744575937091
1893308.35123094 -380.666628464594
1893351.99941278 -380.588080841764
1893395.63379344 -380.508932541612
1893439.2688119 -380.429187403576
1893482.89425401 -380.34884683891
1893526.51865661 -380.267789825615
1893570.14632958 -380.18600602988
1893613.76848257 -380.103507929907
1893657.40083982 -380.02029787336
1893701.0438811 -379.936427459204
1893744.69282528 -379.851910113504
1893788.36207404 -379.766757422479
1893832.03810495 -379.680992943427
1893875.71005048 -379.59462589428
1893919.39541708 -379.507596023314
1893963.09089902 -379.419834912274
1894006.79980538 -379.33128490174
1894050.53340004 -379.241944145061
1894094.27782016 -379.151778111363
1894138.03372024 -379.060780784193
1894181.79690069 -378.968945879506
1894225.55315401 -378.876261256987
1894269.31442466 -378.782691199676
1894313.07529829 -378.688215613025
1894356.8229876 -378.592805772172
1894400.57003513 -378.49642116471
1894444.3054947 -378.39905737755
1894488.02994058 -378.300716590534
1894531.75644376 -378.201436521844
1894575.47306166 -378.101216497272
1894619.1836158 -378.000058903126
1894662.89520934 -377.897964227724
1894706.59642813 -377.794959007159
1894750.29630779 -377.691129769944
1894793.99445257 -377.586739263477
1894837.67863438 -377.481913451829
1894881.36384527 -377.376658497891
1894925.04083706 -377.270955357796
1894968.70109262 -377.164713219846
1895012.36255535 -377.05793788015
1895056.01486385 -376.950640547133
1895099.65801102 -376.842661911243
1895143.30585966 -376.733885172126
1895186.9502488 -376.6242821888
1895230.59909519 -376.513869523427
1895274.25706637 -376.402669824258
1895317.90849389 -376.290660299941
1895361.56323859 -376.177857871181
1895405.21857779 -376.064318982725
1895448.86674636 -375.950039676901
1895492.52581921 -375.835021905314
1895536.18824032 -375.719271841312
1895579.84669438 -375.602878850215
1895623.51432336 -375.486013545922
1895667.17905278 -375.368685283695
1895710.84091215 -375.250875081622
1895754.50626173 -375.132578502353
1895798.16580429 -375.013800891039
1895841.83610699 -374.894536385817
1895885.5198056 -374.774631895226
1895929.19581225 -374.653901176776
1895972.87064494 -374.532261728344
1896016.5420587 -374.40971670069
1896060.20841635 -374.286309932734
1896103.89108186 -374.162010253075
1896147.58100321 -374.036791369419
1896191.28249489 -373.910622009718
1896235.0080268 -373.783418246055
1896278.73923189 -373.655155954353
1896322.46974935 -373.525831630753
1896366.20009544 -373.395456771319
1896409.91517641 -373.264039856185
1896453.62398277 -373.131649141859
1896497.32812564 -372.99828981534
1896541.02212845 -372.863990496402
1896584.72727352 -372.728763874483
1896628.44244598 -372.592692019078
1896672.15797588 -372.455778184833
1896715.87252955 -372.317975809577
1896759.57083534 -372.179271517379
1896803.25052862 -372.039694749201
1896846.91878575 -371.899311333369
1896890.56286047 -371.758145298616
1896934.19604702 -371.616292017672
1896977.83046045 -371.473867252476
1897021.4606947 -371.330885174344
1897065.10740458 -371.187342167447
1897108.76489528 -371.043223533714
1897152.42610616 -370.89852815962
1897196.11340711 -370.753207532222
1897239.80922804 -370.60729636312
1897283.50595392 -370.46080407133
1897327.21407986 -370.313664025069
1897370.91507374 -370.165852103019
1897414.60778099 -370.017296068862
1897458.30193833 -369.867889691508
1897501.99413253 -369.717658641231
1897545.70044283 -369.56663756905
1897589.42298286 -369.414850278811
1897633.14644789 -369.262513266511
1897676.87720844 -369.109631338698
1897720.60835535 -368.95619902764
1897764.33332798 -368.802108430164
1897808.0653457 -368.647301970987
1897851.79572268 -368.491744516863
1897895.51634602 -368.335415598269
1897939.23380187 -368.178258906822
1897982.94262448 -368.020300159892
1898026.65673426 -367.861818335979
1898070.37837253 -367.702787953795
1898114.08772715 -367.543263684253
1898157.78676377 -367.383356813208
1898201.46561107 -367.223062600887
1898245.11157678 -367.062356656271
1898288.74473638 -366.901225088688
1898332.36587507 -366.739732617583
1898375.97501749 -366.577888116325
1898419.5888558 -366.415693870775
1898463.19857655 -366.253156514632
1898506.80738219 -366.090241141616
1898550.42477373 -365.926934422015
1898594.04434255 -365.763221449586
1898637.68517145 -365.59924203644
1898681.34553801 -365.435098132932
1898725.01301562 -365.270758772454
1898768.70164815 -365.106196245315
1898812.39796794 -364.941379237084
1898856.08878089 -364.776271281751
1898899.79153196 -364.610846072319
1898943.49569242 -364.445097383262
1898987.20374211 -364.279016069816
1899030.92884931 -364.112556588941
1899074.65143629 -363.945664387102
1899118.3698085 -363.778317088157
1899162.08679132 -363.610508856115
1899205.79089815 -363.442234226749
1899249.49639919 -363.273491424867
1899293.20407912 -363.104281861133
1899336.90254102 -362.934599320595
1899380.60996961 -362.764445286984
1899424.32104757 -362.593953137315
1899468.03099186 -362.423301919415
1899511.75464648 -362.252505656362
1899555.4820902 -362.081625832867
1899599.21102659 -361.910677190426
1899642.95047652 -361.739649283548
1899686.68589731 -361.568531677866
1899730.42119266 -361.397308125883
1899774.15757224 -361.225970946625
1899817.8777433 -361.054528791641
1899861.58723592 -360.882923542288
1899905.28351172 -360.711101639318
1899948.95675493 -360.539037354459
1899992.61836145 -360.366697062918
1900036.25306048 -360.194053166072
1900079.85953537 -360.021093273351
1900123.46275224 -359.847776182506
1900167.06097407 -359.674058607737
1900210.66749022 -359.499918165594
1900254.29256439 -359.325391822266
1900297.91612176 -359.150796690033
1900341.54730216 -358.976144004019
1900385.18517099 -358.801404655637
1900428.81815931 -358.626546030776
1900472.46238579 -358.451533357117
1900516.1099261 -358.276348556756
1900559.75268662 -358.100977738746
1900603.40622964 -357.92541450591
1900647.06091925 -357.749652319014
1900690.71745431 -357.573679420128
1900734.38923694 -357.39750025443
1900778.0627879 -357.221255254681
1900821.73879528 -357.045054983421
1900865.42068601 -356.868950519047
1900909.09403937 -356.693031016708
1900952.77083556 -356.517319080759
1900996.45214579 -356.341802584301
1901040.12978833 -356.166437840731
1901083.82247394 -355.99118977057
1901127.52284435 -355.816045077658
1901171.2279984 -355.641002215078
1901214.94981273 -355.466097866456
1901258.67274919 -355.291360592553
1901302.39680891 -355.116805261136
1901346.13181125 -354.942432902459
1901389.87030861 -354.768239107231
1901433.62218588 -354.594077533592
1901477.38910071 -354.41986156092
1901521.15599012 -354.245625366898
1901564.92888813 -354.071391515901
1901608.69973799 -353.897185288367
1901652.45786122 -353.72292373589
1901696.21798467 -353.548582136894
1901739.96683043 -353.374176242691
1901783.69629647 -353.199881380061
1901827.41845452 -353.02580091101
1901871.12143388 -352.851950276342
1901914.80756525 -352.678327591401
1901958.48391421 -352.504970829608
1902002.13914212 -352.331917569078
1902045.78688665 -352.159177939231
1902089.43450542 -351.986730409645
1902133.07948893 -351.814531835239
1902176.73827357 -351.642618625542
1902220.39802598 -351.47100936129
1902264.04772796 -351.299775352403
1902307.69827565 -351.128988199781
1902351.33761859 -350.958635623333
1902394.96733458 -350.788752379038
1902438.60009506 -350.619376328449
1902482.2330677 -350.450534706493
1902525.87175277 -350.282286259479
1902569.51380745 -350.11463751989
1902613.14461859 -349.947621156964
1902656.77529855 -349.781264572059
1902700.39952402 -349.61558337058
1902744.0047891 -349.450576966377
1902787.6071962 -349.28622667872
1902831.19771131 -349.122534581336
1902874.77801992 -348.959495889664
1902918.36364174 -348.797115306126
1902961.94162832 -348.635391415942
1903005.51767857 -348.474309120352
1903049.10405915 -348.313875144788
1903092.70047457 -348.154108542347
1903136.33514156 -347.995008126758
1903180.00574834 -347.836586991528
1903223.68611555 -347.67887905104
1903267.38857101 -347.521889986664
1903311.10342743 -347.365629591537
1903354.81368929 -347.210112467066
1903398.5309041 -347.055343009565
1903442.24927237 -346.901333877022
1903485.96993025 -346.748085659762
1903529.70074031 -346.595610711123
1903573.42766538 -346.443910065044
1903617.14991674 -346.292986173394
1903660.86888692 -346.142834710336
1903704.57475036 -345.993451390337
1903748.28379405 -345.844841805345
1903791.99906862 -345.697009270603
1903835.7063563 -345.549942828725
1903879.41382326 -345.403623782657
1903923.10554323 -345.258055741618
1903966.77420971 -345.113241679748
1904010.4430441 -344.969185873858
1904054.10877998 -344.82588192991
1904097.77379178 -344.683327970535
1904141.44950407 -344.541530387379
1904185.12493995 -344.400491315455
1904228.81133072 -344.260165872185
1904272.51930873 -344.120512715444
1904316.2409045 -343.981355349316
1904359.98608633 -343.842656320193
1904403.7427418 -343.7044740568
1904447.49582289 -343.566816168399
1904491.25959031 -343.429665898639
1904535.02734807 -343.293034452473
1904578.79975442 -343.156915268542
1904622.58988059 -343.021327988455
1904666.38350499 -342.886270992841
1904710.17230143 -342.751719657781
1904753.95288284 -342.617648435888
1904797.71024428 -342.484231970953
1904841.45439408 -342.351535468521
1904885.18517921 -342.219557560361
1904928.89245264 -342.08829004942
1904972.59288913 -341.957723456586
1905016.27965527 -341.827839559834
1905059.94936655 -341.698513807341
1905103.62051332 -341.569712539399
1905147.2850515 -341.441448345833
1905190.95016967 -341.313722283828
1905234.62585009 -341.186532162039
1905278.29792282 -341.059895348973
1905321.97020559 -340.933818672287
1905365.64497795 -340.80830409647
1905409.31192764 -340.683351476397
1905452.98868668 -340.558965696813
1905496.67524723 -340.435152474658
1905540.36165851 -340.311914908139
1905584.06292416 -340.189250580103
1905627.76132756 -340.067170368453
1905671.45065039 -339.945673331172
1905715.14655909 -339.824760298536
1905758.84129466 -339.704428789282
1905802.53935618 -339.584674562732
1905846.24124971 -339.465484676934
1905889.93758505 -339.346844154318
1905933.63911499 -339.2287472946
1905977.34240392 -339.111189506924
1906021.03133315 -338.994198516972
1906064.71726446 -338.877796182379
1906108.3936209 -338.76197719066
1906152.05328223 -338.646724383171
1906195.71577773 -338.532036570147
1906239.37088591 -338.417946517881
1906283.01998079 -338.304464701128
1906326.67911221 -338.191588521274
1906370.33308194 -338.079319658262
1906413.98800876 -337.967685965187
1906457.65159872 -337.856682174285
1906501.311048 -337.746314697679
1906544.97393123 -337.636589956657
1906588.63830057 -337.527536143447
1906632.2912612 -337.419155942855
1906675.94325356 -337.311451118487
1906719.58667687 -337.204426459764
1906763.22348712 -337.098086232254
1906806.86694239 -336.992432069961
1906850.50854758 -336.887461426397
1906894.15238998 -336.783180195775
1906937.80746215 -336.679588825774
1906981.46243149 -336.57669138158
1907025.12696558 -336.474483782208
1907068.8042654 -336.372940836212
1907112.47613033 -336.271914989914
1907156.15341718 -336.171387824368
1907199.83045619 -336.071367080558
1907243.50057275 -335.971879551189
1907287.18575309 -335.872987467633
1907330.87549457 -335.774690240275
1907374.56556746 -335.676981250449
1907418.26627502 -335.57987874813
1907461.96643774 -335.483354696869
1907505.67039927 -335.387440566021
1907549.38146778 -335.29213919212
1907593.08533935 -335.197465235042
1907636.79568605 -335.103430799261
1907680.51463034 -335.010047354963
1907724.2282853 -334.917319572528
1907767.95534282 -334.825257040425
1907811.68971307 -334.733864761284
1907855.42406757 -334.643150280431
1907899.16719659 -334.553063237726
1907942.90481084 -334.463525388882
1907986.63608615 -334.374537208339
1908030.37317809 -334.286094280183
1908074.10385551 -334.198196205665
1908117.83285002 -334.110816280274
1908161.56477424 -334.023943075342
1908205.29235298 -333.937642728122
1908249.02858332 -333.851935747215
1908292.7672895 -333.766822080858
1908336.49541226 -333.682321070871
1908380.2272128 -333.598441937521
1908423.95068044 -333.515215389673
1908467.66023504 -333.432644973397
1908511.36880394 -333.350720569452
1908555.0664066 -333.269464125325
1908598.75232824 -333.188913448934
1908642.43182238 -333.10907850972
1908686.0932268 -333.029957398094
1908729.74542961 -332.951544486855
1908773.39438725 -332.873845805367
1908817.02875569 -332.796866867061
1908860.66295724 -332.720595265515
1908904.30010115 -332.645041168066
1908947.93151522 -332.570191478282
1908991.5644587 -332.496052319768
1909035.17768793 -332.422631005706
1909078.77981855 -332.349908797343
1909122.39605691 -332.277886659387
1909166.02157986 -332.206568946988
1909209.66351501 -332.135942688825
1909253.32601552 -332.065963379287
1909296.99364635 -331.99658156353
1909340.66651653 -331.927810302518
1909384.33962983 -331.859649102324
1909428.01232611 -331.792108396854
1909471.70927838 -331.725192227937
1909515.42392276 -331.658934935146
1909559.14850823 -331.593320608141
1909602.88685325 -331.528351201956
1909646.62475551 -331.46404603765
1909690.36094843 -331.40036060832
1909734.1014881 -331.337286607738
1909777.83550882 -331.27488243425
1909821.5696223 -331.21312804879
1909865.30936671 -331.152008188503
1909909.03823648 -331.091557791937
1909952.76725613 -331.03170839638
1909996.49468892 -330.972451054372
1910040.20987847 -330.913786431956
1910083.9316369 -330.855779172586
1910127.65323354 -330.798467378602
1910171.37179096 -330.741856240311
1910215.09619106 -330.685942924194
1910258.80717964 -330.630729035487
1910302.50325708 -330.576176231921
1910346.19489741 -330.522140718176
1910389.87584699 -330.468629280756
1910433.56245836 -330.415616325031
1910477.25787515 -330.363102988721
1910520.94872851 -330.311095595465
1910564.64834416 -330.25959720965
1910608.34991548 -330.208604968647
1910652.04944532 -330.158131574058
1910695.76769718 -330.108189939958
1910739.49512904 -330.058779912186
1910783.23129403 -330.009909530073
1910826.98636114 -329.961613976299
1910870.74546796 -329.913897850525
1910914.50813539 -329.876983380099
1910958.2763758 -329.84031735424
1911002.03564229 -329.803855144131
1911045.79629272 -329.767622812968
1911089.55570016 -329.731639817611
1911133.30263725 -329.695927995492
1911177.05440966 -329.660510439916
1911220.80503904 -329.625407269325
1911264.54809888 -329.59062547716
1911308.29215377 -329.556173543328
1911352.02165284 -329.522076422965
1911395.7340805 -329.488361724259
1911439.4395121 -329.455042924403
1911483.12836022 -329.422129473959
1911526.813485 -329.389629688898
1911570.49792572 -329.35755174183
1911614.16946786 -329.325902532973
1911657.83883764 -329.294694301045
1911701.50099607 -329.263930913008
1911745.14637263 -329.233548647842
1911788.79245013 -329.203461341597
1911832.4357928 -329.173667857344
1911876.07929968 -329.144140032865
1911919.74099455 -329.114872779552
1911963.41447995 -329.085879776906
1912007.10133496 -329.057172158747
1912050.80058987 -329.028761937812
1912094.49786177 -329.000658251373
1912138.19899021 -328.972862238837
1912181.90611818 -328.945414186112
1912225.61588497 -328.918349704225
1912269.33972118 -328.891689953819
1912313.05783448 -328.865459577319
1912356.76294551 -328.839678801988
1912400.47110812 -328.814361567126
1912444.17827241 -328.78953699696
1912487.88149809 -328.765233559695
1912531.58712711 -328.741463554601
1912575.28428834 -328.718207096299
1912618.98733331 -328.695280134122
1912662.69980962 -328.672681349808
1912706.39577985 -328.650430015737
1912750.09066368 -328.62855427534
1912793.78444311 -328.607083120219
1912837.47532166 -328.58602905431
1912881.1749431 -328.565406367556
1912924.86582849 -328.545224338469
1912968.5503342 -328.525488771049
1913012.2405455 -328.506215868628
1913055.92047608 -328.487412795177
1913099.59198779 -328.469000581006
1913143.26740132 -328.45091843963
1913186.93306627 -328.433162444534
1913230.59810454 -328.415694262246
1913274.27604191 -328.398509422246
1913317.95197708 -328.38162354882
1913361.63538685 -328.365061522053
1913405.31780221 -328.348846737002
1913448.98587859 -328.332996710023
1913492.65908433 -328.317520345416
1913536.34090132 -328.302396627297
1913580.03360806 -328.287610918914
1913623.74014389 -328.273150014228
1913667.44883199 -328.259015248709
1913711.16277608 -328.245199275639
1913754.88803644 -328.231672956712
1913798.61301154 -328.218475568921
1913842.3447927 -328.205629720577
1913886.07961153 -328.193134749363
1913929.80548936 -328.180960872036
1913973.54549279 -328.169120481033
1914017.29206162 -328.157643470277
1914061.03264112 -328.146528611563
1914104.77307032 -328.135668723339
1914148.49853427 -328.125002012764
1914192.21393773 -328.114524581455
1914235.9279466 -328.104245486851
1914279.63038524 -328.094156250755
1914323.33195274 -328.084239440578
1914367.03056903 -328.074490801606
1914410.70781296 -328.064939498322
1914454.37245603 -328.055626020384
1914498.0196165 -328.046528061272
1914541.64577564 -328.037637675021
1914585.27216756 -328.028912519353
1914628.89220352 -328.020304424081
1914672.50632845 -328.011819879514
1914716.1306204 -328.003425809979
1914759.75936012 -327.99507783027
1914803.40370733 -327.98679088585
1914847.0594186 -327.978550868192
1914890.70624493 -327.970357137767
1914934.35156541 -327.96219165624
1914977.9930603 -327.954026552359
1915021.61947157 -327.945831740494
1915065.25292958 -327.937600309874
1915108.89295147 -327.929357942503
1915152.54294121 -327.921110024997
1915196.21901912 -327.912865279417
1915239.90603457 -327.904629611371
1915283.60040604 -327.896414844775
1915327.30732978 -327.888239501447
1915371.00833272 -327.880100048463
1915414.70962117 -327.871983958354
1915458.41673009 -327.863887671005
1915502.11985994 -327.855812916651
1915545.83040186 -327.84775966189
1915589.54949462 -327.839732809335
1915633.26668363 -327.831725179684
1915676.9981767 -327.823719599831
1915720.7303472 -327.81571197278
1915764.45574501 -327.807684194563
1915808.17867512 -327.799635358368
1915851.86922241 -327.791549929676
1915895.50611574 -327.783431189965
1915939.07078636 -327.775279933512
1915982.52267139 -327.767105101036
1916025.88548538 -327.758912877336
1916069.25147011 -327.750692865897
1916112.35842684 -327.74244291617
1916155.14399678 -327.734166416797
1916197.60778719 -327.725878137916
1916239.73585267 -327.717586870894
1916281.53906572 -327.709287429028
1916323.00942236 -327.70097306675
1916364.13884175 -327.692641656986
1916404.91999222 -327.684286082395
1916445.34014867 -327.675900757407
1916485.39876853 -327.667484440847
1916524.98288524 -327.659079246695
1916563.95087213 -327.650728407097
1916602.31503922 -327.642470054823
1916640.07701071 -327.634296077308
1916677.22396568 -327.626171303175
1916713.76993677 -327.618101864057
1916749.64168279 -327.610119778557
1916784.76839362 -327.602273044533
1916819.16055502 -327.594587278477
1916852.96323865 -327.587072338107
1916887.04714301 -327.579774548097
